GOID	Definition	GOTerm	GeneID	Pvalue	Qvalue
GO:0008150	BP	biological_process	AT1G01810|AT1G06540|AT1G11220|AT1G12211|AT1G14480|AT1G17147|AT1G19070|AT1G19960|AT1G29041|AT1G29540|AT1G29640|AT1G30515|AT1G33640|AT1G34400|AT1G36922|AT1G40104|AT1G44414|AT1G51055|AT1G51920|AT1G53633|AT1G54930|AT1G56270|AT1G56530|AT1G56555|AT1G61255|AT1G61450|AT1G63105|AT1G65481|AT1G66190|AT1G67148|AT1G67910|AT1G68238|AT1G68430|AT1G70390|AT1G71740|AT1G75550|AT1G80520|AT2G01310|AT2G07667|AT2G07669|AT2G07673|AT2G07691|AT2G07702|AT2G07713|AT2G07724|AT2G07749|AT2G07779|AT2G18210|AT2G20784|AT2G21820|AT2G23118|AT2G30760|AT2G31018|AT2G31590|AT2G36295|AT2G39415|AT2G39520|AT2G41342|AT2G42395|AT2G45940|AT3G01572|AT3G01940|AT3G03130|AT3G06070|AT3G07150|AT3G12685|AT3G13240|AT3G13275|AT3G13857|AT3G15050|AT3G19690|AT3G22540|AT3G26539|AT3G27410|AT3G42310|AT3G44006|AT3G44440|AT3G44770|AT3G45230|AT3G45820|AT3G45851|AT3G46150|AT3G46616|AT3G46666|AT3G50570|AT3G56500|AT3G61117|AT3G62430|AT3G62528|AT4G00530|AT4G00651|AT4G00820|AT4G02482|AT4G02800|AT4G03040|AT4G04680|AT4G05071|AT4G09649|AT4G11700|AT4G15150|AT4G16000|AT4G16140|AT4G16240|AT4G17085|AT4G17215|AT4G17240|AT4G19095|AT4G19829|AT4G20000|AT4G20420|AT4G22370|AT4G24231|AT4G24700|AT4G25510|AT4G26290|AT4G27654|AT4G30097|AT4G30740|AT4G31875|AT4G33130|AT4G33310|AT4G33960|AT4G35170|AT4G36170|AT4G37445|AT5G01580|AT5G04790|AT5G05250|AT5G05430|AT5G10336|AT5G11990|AT5G13880|AT5G14110|AT5G14410|AT5G14560|AT5G22520|AT5G22545|AT5G22930|AT5G24105|AT5G24316|AT5G24355|AT5G34830|AT5G37240|AT5G39330|AT5G40980|AT5G42146|AT5G44578|AT5G49120|AT5G51390|AT5G52547|AT5G54850|AT5G61997|AT5G64780|AT5G66658|ATMG00030|ATMG00050|ATMG00120|ATMG00130|ATMG00150|ATMG00170|ATMG00200|ATMG00260|ATMG00310|ATMG00320|ATMG00440|ATMG00540|ATMG00600|ATMG00630|ATMG00720|ATMG00750|ATMG00760|ATMG00770|ATMG00860|ATMG01030|ATMG01050|ATMG01060|ATMG01110|ATMG01140|ATMG01210|ATMG01220|ATMG01230|ATMG01310	1.160741037086e-09	3.66794167719176e-07
GO:0019761	BP	glucosinolate biosynthetic process	AT1G16410|AT2G43100|AT3G19710|AT3G58990|AT4G13770|AT5G14200|AT5G23010	8.85084680834133e-05	0.0139843379571793
GO:0009098	BP	leucine biosynthetic process	AT2G43100|AT3G58990|AT5G14200|AT5G23010	0.000445510175214371	0.0469270717892471
GO:0006355	BP	regulation of DNA-templated transcription	AT1G22810|AT1G74930|AT2G40350|AT3G12977|AT3G45610|AT3G53200|AT3G56980|AT3G60490|AT4G04260|AT4G17490|AT4G28500|AT5G03510|AT5G26630|AT5G51190|AT5G51910|AT5G57390|AT5G64810|ATMG00940	0.00112970936455751	0.0892470398000436
