GOID	Definition	GOTerm	GeneID	Pvalue	Qvalue
GO:0008150	BP	biological_process	AT1G04778|AT1G07485|AT1G09310|AT1G09460|AT1G10155|AT1G11700|AT1G13480|AT1G14880|AT1G17830|AT1G21950|AT1G23750|AT1G27020|AT1G29680|AT1G34440|AT1G47280|AT1G53060|AT1G55230|AT1G56270|AT1G67870|AT1G77160|AT1G77855|AT1G78450|AT2G01008|AT2G05510|AT2G07672|AT2G13422|AT2G15042|AT2G20590|AT2G23118|AT2G23321|AT2G28400|AT2G28410|AT2G28500|AT2G31035|AT2G32275|AT2G35585|AT2G35850|AT2G37380|AT2G39370|AT2G42110|AT2G47360|AT3G01572|AT3G08490|AT3G16070|AT3G18250|AT3G19615|AT3G19690|AT3G22415|AT3G22540|AT3G26960|AT3G44755|AT3G45851|AT3G46890|AT3G50350|AT3G62320|AT4G02800|AT4G09965|AT4G14226|AT4G16807|AT4G20690|AT4G24130|AT4G26960|AT4G27435|AT4G27654|AT4G36170|AT5G02090|AT5G03550|AT5G03710|AT5G10946|AT5G12930|AT5G17180|AT5G22580|AT5G25490|AT5G28610|AT5G37050|AT5G40180|AT5G40981|AT5G44578|AT5G44585|AT5G47170|AT5G47635|AT5G51160|AT5G55010|AT5G57567|AT5G60720|AT5G61820|AT5G62998|ATMG00140|ATMG00450|ATMG00660|ATMG00680|ATMG00970	3.71281993177599e-05	0.015927997507319
GO:0009414	BP	response to water deprivation	AT1G02820|AT1G12610|AT1G17950|AT1G32560|AT1G43160|AT1G52400|AT1G52890|AT1G65500|AT2G21490|AT2G29130|AT3G26830|AT4G24275|AT5G13330|AT5G46320|AT5G52310|AT5G59220|AT5G59310|AT5G59320	0.000403391545850537	0.0865274865849402
