GOID	Definition	GOTerm	GeneID	Pvalue	Qvalue
GO:0008150	BP	biological_process	AT1G01310|AT1G02770|AT1G05740|AT1G12090|AT1G12211|AT1G15825|AT1G17030|AT1G18265|AT1G19960|AT1G22470|AT1G23760|AT1G26762|AT1G30020|AT1G44760|AT1G49150|AT1G50590|AT1G51000|AT1G51035|AT1G51080|AT1G51920|AT1G52855|AT1G52910|AT1G53345|AT1G53541|AT1G53625|AT1G56555|AT1G61255|AT1G62045|AT1G62510|AT1G65541|AT1G66190|AT1G67910|AT1G70640|AT1G71015|AT1G72240|AT1G72720|AT1G77880|AT1G80200|AT2G01310|AT2G03010|AT2G04515|AT2G07673|AT2G07724|AT2G07738|AT2G12170|AT2G15830|AT2G17300|AT2G18460|AT2G20784|AT2G26695|AT2G27740|AT2G27930|AT2G29679|AT2G30760|AT2G31018|AT2G31940|AT2G35585|AT2G35850|AT2G36030|AT2G37380|AT2G39500|AT2G39520|AT2G42955|AT2G42975|AT2G43550|AT2G43670|AT2G46567|AT2G46940|AT2G47360|AT3G01572|AT3G05685|AT3G05936|AT3G06070|AT3G08490|AT3G08810|AT3G11640|AT3G12835|AT3G13275|AT3G13435|AT3G13500|AT3G13857|AT3G16490|AT3G16660|AT3G18050|AT3G22120|AT3G26539|AT3G29140|AT3G42725|AT3G45851|AT3G47480|AT3G48490|AT3G50570|AT3G53235|AT3G58100|AT3G60328|AT3G61117|AT3G62040|AT3G62630|AT4G02000|AT4G02360|AT4G03150|AT4G03443|AT4G03940|AT4G04360|AT4G04680|AT4G07940|AT4G08874|AT4G09965|AT4G11700|AT4G11780|AT4G15120|AT4G16146|AT4G16240|AT4G18395|AT4G18500|AT4G18692|AT4G19829|AT4G20040|AT4G20290|AT4G21865|AT4G23870|AT4G23970|AT4G25330|AT4G25510|AT4G25707|AT4G27652|AT4G28150|AT4G28170|AT4G28330|AT4G30740|AT4G31355|AT4G33666|AT5G01570|AT5G03060|AT5G03710|AT5G05040|AT5G06380|AT5G06790|AT5G10336|AT5G11820|AT5G13140|AT5G14410|AT5G14560|AT5G15853|AT5G17847|AT5G19151|AT5G19190|AT5G24105|AT5G24316|AT5G27247|AT5G27889|AT5G27940|AT5G37050|AT5G38060|AT5G40980|AT5G42710|AT5G44574|AT5G44582|AT5G44940|AT5G49525|AT5G52930|AT5G52940|AT5G54240|AT5G55650|AT5G61490|AT5G61495|AT5G63340|AT5G64395|AT5G65300|AT5G66590|ATCG00870|ATCG01270|ATMG00120|ATMG00200|ATMG00810|ATMG00870|ATMG00880|ATMG01030|ATMG01040|ATMG01180	3.78138442720334e-09	1.31214039623956e-06
GO:0006355	BP	regulation of DNA-templated transcription	AT2G38300|AT2G40260|AT3G04060|AT3G22100|AT3G54990|AT4G04260|AT4G12350|AT4G17695|AT4G35900|AT5G14490|AT5G26630|AT5G43250|AT5G60480	1.95492580315123e-05	0.00339179626846739
