GOID	Definition	GOTerm	GeneID	Pvalue	Qvalue
GO:0005783	CC	endoplasmic reticulum	AT1G01120|AT1G01420|AT1G04310|AT1G19300|AT1G21520|AT1G26200|AT1G26380|AT1G49430|AT1G52400|AT1G57750|AT1G66280|AT1G68530|AT2G18193|AT2G44080|AT3G18250|AT3G26830|AT3G51440|AT3G57010|AT3G62510|AT4G12470|AT4G12490|AT4G20070|AT4G37370|AT5G24150	0.00126299546822887	0.0649625558288882
GO:0005576	CC	extracellular region	AT1G04310|AT1G09310|AT1G14880|AT1G19630|AT1G23000|AT1G32940|AT1G35290|AT1G52400|AT1G54000|AT1G57750|AT1G64107|AT1G66940|AT1G67870|AT1G70710|AT1G71380|AT1G72610|AT1G74010|AT1G76954|AT2G02120|AT2G02990|AT2G03200|AT2G19190|AT2G19990|AT2G22420|AT2G27690|AT2G29130|AT2G31425|AT2G34500|AT2G38080|AT2G38380|AT2G38870|AT2G39850|AT2G43050|AT2G43620|AT2G44400|AT2G44790|AT2G47550|AT3G12145|AT3G14210|AT3G16920|AT3G17070|AT3G19690|AT3G26960|AT3G27400|AT3G44755|AT4G00360|AT4G02330|AT4G08770|AT4G12470|AT4G12500|AT4G13235|AT4G14130|AT4G16515|AT4G19820|AT4G22230|AT4G23150|AT4G24780|AT4G27435|AT4G37370|AT4G40011|AT5G01550|AT5G05340|AT5G07990|AT5G10770|AT5G12236|AT5G19880|AT5G20230|AT5G24080|AT5G24150|AT5G39110|AT5G39180|AT5G42180|AT5G42235|AT5G44020|AT5G44578|AT5G47635|AT5G49665|AT5G59310|AT5G59320|AT5G59845|AT5G60270|AT5G60490|AT5G63180|AT5G64100	0.00164462166655413	0.0649625558288882
