GOID	Definition	GOTerm	GeneID	Pvalue	Qvalue
GO:0005575	CC	cellular_component	AT1G13480|AT1G13530|AT1G22470|AT1G51035|AT1G53541|AT1G53633|AT1G61475|AT1G74929|AT1G80120|AT2G15020|AT2G20784|AT2G22241|AT2G27402|AT2G31018|AT2G31590|AT2G34186|AT2G44070|AT2G46567|AT3G01572|AT3G06070|AT3G07150|AT3G08636|AT3G16070|AT3G20180|AT3G24535|AT3G25011|AT3G53232|AT3G61117|AT4G07940|AT4G10860|AT4G11211|AT4G11780|AT4G12580|AT4G14819|AT4G16240|AT4G20250|AT4G38781|AT5G03550|AT5G10336|AT5G16080|AT5G40180|AT5G47920|AT5G53895|AT5G55250|AT5G55620|AT5G57650|AT5G61412	5.23965952085283e-06	0.000429652080709932
GO:0005886	CC	plasma membrane	AT1G07710|AT1G08340|AT1G24530|AT1G31720|AT1G51170|AT1G58070|AT1G59740|AT2G23830|AT2G28755|AT2G32190|AT2G32275|AT2G34390|AT2G38940|AT2G43120|AT3G06035|AT3G12610|AT3G44320|AT3G55940|AT4G04500|AT4G16620|AT4G24350|AT4G26560|AT4G30250|AT4G31870|AT4G33070|AT5G03170|AT5G16490|AT5G16530|AT5G38030|AT5G45970|AT5G52050	3.19890447914272e-05	0.00131155083644852
GO:0005634	CC	nucleus	AT1G03120|AT1G03170|AT1G04330|AT1G05810|AT1G07370|AT1G07500|AT1G08440|AT1G10586|AT1G15125|AT1G21060|AT1G21326|AT1G23130|AT1G29280|AT1G34760|AT1G47655|AT1G49015|AT1G49330|AT1G50590|AT1G51055|AT1G51170|AT1G54385|AT1G56250|AT1G58070|AT1G64625|AT1G68200|AT1G70440|AT1G73177|AT1G75250|AT1G75360|AT1G77160|AT1G79770|AT1G80450|AT2G20480|AT2G20880|AT2G21030|AT2G26695|AT2G29430|AT2G29950|AT2G30540|AT2G32275|AT2G32550|AT2G33847|AT2G36030|AT2G36650|AT2G36890|AT2G38940|AT2G40330|AT2G40340|AT2G40470|AT2G41370|AT2G42340|AT2G43120|AT2G44840|AT2G46990|AT2G47460|AT2G47520|AT2G47950|AT3G02000|AT3G08500|AT3G12820|AT3G13280|AT3G14700|AT3G16490|AT3G16530|AT3G22100|AT3G25640|AT3G27250|AT3G29280|AT3G30530|AT3G42310|AT3G44450|AT3G44490|AT3G44940|AT3G45851|AT3G49380|AT3G49930|AT3G52460|AT3G52770|AT3G53450|AT3G59900|AT3G61723|AT3G62320|AT4G00210|AT4G00220|AT4G01023|AT4G01580|AT4G03040|AT4G03175|AT4G04260|AT4G10270|AT4G14450|AT4G15165|AT4G15690|AT4G18692|AT4G18900|AT4G21890|AT4G23970|AT4G24026|AT4G25330|AT4G25490|AT4G26960|AT4G28500|AT4G30740|AT4G31380|AT4G32280|AT4G33450|AT4G34210|AT4G34470|AT4G36160|AT4G37940|AT5G05440|AT5G06610|AT5G07310|AT5G10625|AT5G11620|AT5G13060|AT5G17165|AT5G17260|AT5G19151|AT5G19260|AT5G19890|AT5G22570|AT5G23800|AT5G24580|AT5G25160|AT5G38020|AT5G40010|AT5G40460|AT5G43250|AT5G44160|AT5G45970|AT5G54670|AT5G55150|AT5G56860|AT5G58680|AT5G59050	0.000739192519309338	0.0202045955277886
GO:0009506	CC	plasmodesma	AT1G02900|AT2G35460|AT2G38940|AT3G25640|AT3G44220|AT5G42180|AT5G48485	0.00256246534804723	0.0525305396349682
GO:0009505	CC	plant-type cell wall	AT5G42180	0.00354947268832834	0.0582113520885848
