GOID	Definition	GOTerm	GeneID	Pvalue	Qvalue
GO:0005634	CC	nucleus	AT1G01200|AT1G01355|AT1G02450|AT1G07490|AT1G09812|AT1G13670|AT1G14130|AT1G14630|AT1G15570|AT1G21326|AT1G21910|AT1G22230|AT1G23000|AT1G25250|AT1G26930|AT1G27020|AT1G29860|AT1G30135|AT1G32570|AT1G37130|AT1G44608|AT1G51090|AT1G55260|AT1G56430|AT1G62300|AT1G62370|AT1G66040|AT1G66380|AT1G66390|AT1G68620|AT1G73010|AT1G77160|AT2G02950|AT2G03110|AT2G06570|AT2G11891|AT2G14270|AT2G18890|AT2G21490|AT2G26580|AT2G30766|AT2G31180|AT2G32100|AT2G36030|AT2G36295|AT2G37430|AT2G37435|AT2G38340|AT2G39370|AT2G42350|AT2G47720|AT3G01830|AT3G01970|AT3G08660|AT3G12510|AT3G12960|AT3G13500|AT3G14210|AT3G16490|AT3G18400|AT3G23050|AT3G23090|AT3G26620|AT3G27500|AT3G28917|AT3G43250|AT3G48550|AT3G52525|AT3G52740|AT3G53600|AT3G54180|AT3G55890|AT3G55990|AT3G59220|AT3G59900|AT4G00140|AT4G01060|AT4G01895|AT4G04260|AT4G04680|AT4G12540|AT4G14380|AT4G16140|AT4G17980|AT4G18770|AT4G22070|AT4G26290|AT4G28140|AT4G31290|AT4G32780|AT4G37390|AT4G38340|AT5G01840|AT5G03640|AT5G10625|AT5G12420|AT5G13330|AT5G14070|AT5G15130|AT5G16350|AT5G16690|AT5G17180|AT5G20240|AT5G20820|AT5G22380|AT5G22490|AT5G23750|AT5G24080|AT5G24355|AT5G24580|AT5G24655|AT5G25490|AT5G38200|AT5G39610|AT5G39720|AT5G42290|AT5G42700|AT5G42710|AT5G45970|AT5G46350|AT5G47800|AT5G48570|AT5G50335|AT5G51990|AT5G52020|AT5G52310|AT5G54490|AT5G56510|AT5G57510|AT5G58360|AT5G59050|AT5G59220|AT5G59870|AT5G59970|AT5G66660	0.000548835903035433	0.0455533799519409
GO:0009507	CC	chloroplast	AT1G01355|AT1G01390|AT1G15000|AT1G30700|AT1G35630|AT1G36180|AT1G43310|AT1G43800|AT1G49430|AT1G53660|AT1G61120|AT1G67980|AT1G70500|AT1G70680|AT2G04515|AT2G21210|AT2G27740|AT2G36800|AT2G38750|AT3G01550|AT3G04290|AT3G04854|AT3G08660|AT3G10780|AT3G14210|AT3G21520|AT3G29630|AT3G45870|AT3G48850|AT3G49330|AT3G62930|AT4G04750|AT4G18510|AT4G21850|AT4G32780|AT5G13400|AT5G14070|AT5G17420|AT5G18080|AT5G20110|AT5G23750|AT5G28020|AT5G52780|AT5G53230|AT5G59220|AT5G60720|AT5G61820|AT5G63450|ATMG01275	0.00160714612077021	0.0666965640119635
