GOID	Definition	GOTerm	GeneID	Pvalue	Qvalue
GO:0005634	CC	nucleus	AT1G01130|AT1G01370|AT1G01520|AT1G04240|AT1G04250|AT1G11220|AT1G14860|AT1G15050|AT1G19510|AT1G23130|AT1G23270|AT1G29670|AT1G29680|AT1G32510|AT1G35250|AT1G36060|AT1G51780|AT1G52270|AT1G52827|AT1G53970|AT1G55770|AT1G55920|AT1G63390|AT1G63910|AT1G65860|AT1G66050|AT1G68200|AT1G68810|AT1G70440|AT1G70640|AT1G70800|AT1G70830|AT1G70880|AT1G70910|AT1G71000|AT1G71015|AT1G71450|AT1G74080|AT1G74450|AT1G76610|AT1G78170|AT1G79130|AT1G80840|AT2G02010|AT2G03230|AT2G03580|AT2G04038|AT2G14160|AT2G22630|AT2G22760|AT2G23170|AT2G26520|AT2G28305|AT2G32765|AT2G34224|AT2G35210|AT2G37380|AT2G37610|AT2G38823|AT2G40350|AT2G40440|AT2G41730|AT2G42340|AT2G44340|AT2G44910|AT2G46410|AT3G01600|AT3G06019|AT3G06020|AT3G09863|AT3G11110|AT3G12890|AT3G12910|AT3G15950|AT3G16770|AT3G22231|AT3G26460|AT3G27630|AT3G42310|AT3G44450|AT3G44960|AT3G45820|AT3G45851|AT3G46080|AT3G49130|AT3G49580|AT3G49930|AT3G52910|AT3G58000|AT3G60010|AT3G61111|AT3G61340|AT3G61910|AT3G62320|AT4G03175|AT4G15120|AT4G15248|AT4G16807|AT4G20000|AT4G23700|AT4G24275|AT4G24510|AT4G25490|AT4G28500|AT4G28556|AT4G35350|AT4G35390|AT4G37940|AT5G01570|AT5G01900|AT5G03510|AT5G03790|AT5G03890|AT5G05770|AT5G07700|AT5G13930|AT5G18180|AT5G19190|AT5G19530|AT5G19970|AT5G22240|AT5G25340|AT5G26920|AT5G34830|AT5G37478|AT5G38020|AT5G39520|AT5G41090|AT5G45820|AT5G49700|AT5G52600|AT5G52770|AT5G56840|AT5G60610|AT5G65040	0.000548835903035433	0.0400650209215866
GO:0005575	CC	cellular_component	AT1G07485|AT1G19960|AT1G20990|AT1G48730|AT1G51035|AT1G53625|AT1G61475|AT1G62510|AT1G67148|AT1G67855|AT1G75580|AT1G80120|AT1G80820|AT2G07830|AT2G07981|AT2G23118|AT2G24780|AT2G27390|AT2G36854|AT3G06778|AT3G22120|AT3G24535|AT3G25011|AT3G44006|AT3G62528|AT4G05091|AT4G15150|AT4G20250|AT4G38781|AT5G03550|AT5G07572|AT5G10336|AT5G28630|AT5G40180|AT5G41590|AT5G46320|AT5G55620|AT5G62998	0.00207994384749376	0.0759179504335223
