GOID	Definition	GOTerm	GeneID	Pvalue	Qvalue
GO:0010168	CC	ER body	AT1G52400|AT3G09260|AT3G15950|AT5G23820	9.89230593498221e-05	0.0067267680357879
GO:0005886	CC	plasma membrane	AT1G02440|AT1G04760|AT1G07710|AT1G11670|AT1G23465|AT1G27950|AT1G29780|AT1G69230|AT2G02950|AT2G23830|AT2G30933|AT2G38730|AT3G06035|AT3G20370|AT3G22740|AT3G23550|AT3G44320|AT3G48450|AT4G08300|AT4G10390|AT4G24340|AT4G24350|AT4G26470|AT4G31870|AT4G37980|AT5G08000|AT5G13670|AT5G14380|AT5G16740|AT5G17420|AT5G24270|AT5G36920|AT5G42860|AT5G44130|AT5G60490|AT5G60660	0.000610291505021342	0.0207499111707256
GO:0005634	CC	nucleus	AT1G03710|AT1G03800|AT1G04778|AT1G07500|AT1G09310|AT1G10220|AT1G10250|AT1G10480|AT1G16410|AT1G17380|AT1G18050|AT1G18400|AT1G19190|AT1G19670|AT1G22490|AT1G22810|AT1G25250|AT1G27950|AT1G28815|AT1G29640|AT1G30135|AT1G31240|AT1G35830|AT1G47400|AT1G51090|AT1G52040|AT1G52270|AT1G52400|AT1G53970|AT1G54010|AT1G54930|AT1G55365|AT1G63820|AT1G63910|AT1G64405|AT1G66040|AT1G66050|AT1G69485|AT1G69810|AT1G70640|AT1G75250|AT1G75600|AT1G79770|AT1G79915|AT1G80370|AT2G01913|AT2G02950|AT2G11891|AT2G14160|AT2G18328|AT2G22760|AT2G22770|AT2G29430|AT2G30000|AT2G30540|AT2G36030|AT2G44840|AT2G46070|AT2G46770|AT3G06020|AT3G06600|AT3G08490|AT3G09260|AT3G09863|AT3G15270|AT3G15950|AT3G16400|AT3G16410|AT3G16450|AT3G16530|AT3G18530|AT3G21890|AT3G22275|AT3G28220|AT3G42310|AT3G44960|AT3G45851|AT3G46320|AT3G47720|AT3G48450|AT3G48490|AT3G48920|AT3G49930|AT3G52550|AT3G53600|AT3G56230|AT3G58000|AT3G60530|AT3G61910|AT4G00140|AT4G00525|AT4G01390|AT4G01895|AT4G02800|AT4G03380|AT4G13860|AT4G13885|AT4G14450|AT4G15660|AT4G18500|AT4G22560|AT4G24275|AT4G25707|AT4G25760|AT4G26290|AT4G32800|AT4G33925|AT4G33930|AT4G35590|AT4G37022|AT4G37850|AT4G39235|AT5G03790|AT5G05790|AT5G13220|AT5G18300|AT5G19490|AT5G19890|AT5G20850|AT5G21960|AT5G25020|AT5G36970|AT5G38020|AT5G40590|AT5G41090|AT5G42860|AT5G43650|AT5G45090|AT5G45440|AT5G47170|AT5G47610|AT5G48290|AT5G49120|AT5G52547|AT5G57510|AT5G60830|AT5G61490|AT5G67180|AT5G67430|ATMG00940	0.0021784338407665	0.0370333752930305
GO:0005575	CC	cellular_component	AT1G02070|AT1G06420|AT1G36922|AT1G51035|AT1G61475|AT1G62045|AT1G62420|AT1G62510|AT1G65541|AT2G07738|AT2G20784|AT2G23321|AT2G23690|AT2G36854|AT2G42395|AT2G43550|AT2G46567|AT2G46995|AT3G01572|AT3G08636|AT3G16070|AT3G44006|AT3G53235|AT4G05030|AT4G09731|AT4G10695|AT4G12450|AT4G13600|AT4G21950|AT4G37240|AT5G07572|AT5G22520|AT5G22545|AT5G38300|AT5G46320|AT5G57650|AT5G59760|AT5G61412	0.00207994384749376	0.0370333752930305
