GOID	Definition	GOTerm	GeneID	Pvalue	Qvalue
GO:0030145	MF	manganese ion binding	AT1G18970|AT4G14630|AT5G38940|AT5G39120|AT5G39150|AT5G39160|AT5G39180|AT5G39190	0.00022919335435771	0.0375241040890658
GO:0045735	MF	nutrient reservoir activity	AT1G18970|AT4G14630|AT5G38940|AT5G39120|AT5G39150|AT5G39160|AT5G39180|AT5G39190	0.000344257835679503	0.0375241040890658
