GOID	Definition	GOTerm	GeneID	Pvalue	Qvalue
GO:0003674	MF	molecular_function	AT1G01310|AT1G02350|AT1G02770|AT1G03660|AT1G05740|AT1G07050|AT1G12090|AT1G12211|AT1G15825|AT1G17030|AT1G18265|AT1G19960|AT1G22470|AT1G26762|AT1G32928|AT1G49150|AT1G51000|AT1G51035|AT1G51080|AT1G51920|AT1G52855|AT1G52910|AT1G53541|AT1G53625|AT1G56555|AT1G58420|AT1G61255|AT1G62045|AT1G62510|AT1G65541|AT1G66190|AT1G67910|AT1G70640|AT1G71015|AT1G72240|AT1G72720|AT1G75720|AT1G76240|AT1G77880|AT1G80200|AT2G01310|AT2G03010|AT2G04515|AT2G04800|AT2G07673|AT2G07724|AT2G07738|AT2G12170|AT2G15830|AT2G17300|AT2G18460|AT2G20784|AT2G27740|AT2G29679|AT2G30395|AT2G30760|AT2G30766|AT2G31018|AT2G31930|AT2G32130|AT2G35585|AT2G35850|AT2G36030|AT2G36650|AT2G36815|AT2G39500|AT2G39520|AT2G42955|AT2G42975|AT2G43670|AT2G46567|AT2G46940|AT2G47360|AT3G01572|AT3G05550|AT3G05685|AT3G05936|AT3G06070|AT3G08490|AT3G08810|AT3G10680|AT3G11640|AT3G12835|AT3G13275|AT3G13435|AT3G13857|AT3G16660|AT3G18050|AT3G20450|AT3G22120|AT3G26539|AT3G29140|AT3G30725|AT3G42725|AT3G45851|AT3G48490|AT3G48550|AT3G48630|AT3G50450|AT3G50570|AT3G53235|AT3G58150|AT3G60328|AT3G61117|AT3G62040|AT3G62630|AT3G63088|AT4G01360|AT4G02000|AT4G02360|AT4G03150|AT4G03443|AT4G03940|AT4G04360|AT4G07940|AT4G08874|AT4G09965|AT4G11700|AT4G11780|AT4G13395|AT4G15120|AT4G16146|AT4G16240|AT4G18395|AT4G18500|AT4G18692|AT4G18980|AT4G19829|AT4G20290|AT4G21865|AT4G23870|AT4G23970|AT4G24110|AT4G24275|AT4G25510|AT4G25707|AT4G27652|AT4G28150|AT4G28170|AT4G28330|AT4G28485|AT4G30740|AT4G31355|AT4G33666|AT5G01570|AT5G02210|AT5G03060|AT5G03090|AT5G03710|AT5G06380|AT5G06790|AT5G10336|AT5G11820|AT5G13140|AT5G14410|AT5G14560|AT5G15853|AT5G17847|AT5G19151|AT5G19190|AT5G20790|AT5G24105|AT5G24316|AT5G27247|AT5G27889|AT5G27940|AT5G36925|AT5G37050|AT5G38770|AT5G40155|AT5G40980|AT5G44574|AT5G44582|AT5G44940|AT5G49525|AT5G51105|AT5G52930|AT5G52940|AT5G53740|AT5G54240|AT5G55650|AT5G59510|AT5G59845|AT5G61490|AT5G61495|AT5G63130|AT5G63340|AT5G64395|AT5G66590|ATCG00870|ATCG01270|ATMG00120|ATMG00200|ATMG00810|ATMG00870|ATMG00880|ATMG00910|ATMG01030|ATMG01040|ATMG01180	1.00943417744286e-08	2.09962308908114e-06
GO:0003700	MF	DNA-binding transcription factor activity	AT2G21650|AT2G27300|AT2G35270|AT2G38300|AT2G40260|AT2G46410|AT3G04060|AT3G22100|AT3G54990|AT3G57600|AT4G12350|AT4G17695|AT4G22680|AT4G32980|AT4G35900|AT4G38620|AT5G07700|AT5G14490|AT5G23000|AT5G26630|AT5G43250|AT5G44260|AT5G60480	0.000184775148811401	0.0192166154763857
GO:0043565	MF	sequence-specific DNA binding	AT2G27300|AT4G32980	0.00138807620799543	0.0962399504210163
