GOID	Definition	GOTerm	GeneID	Pvalue	Qvalue
GO:0003674	MF	molecular_function	AT1G02820|AT1G04490|AT1G04778|AT1G06540|AT1G07050|AT1G07485|AT1G07490|AT1G07885|AT1G07901|AT1G10220|AT1G12090|AT1G19960|AT1G21940|AT1G23150|AT1G23910|AT1G29460|AT1G34440|AT1G35140|AT1G35210|AT1G36922|AT1G43040|AT1G44608|AT1G44740|AT1G47280|AT1G47813|AT1G48770|AT1G51670|AT1G51915|AT1G54120|AT1G54720|AT1G55365|AT1G56320|AT1G58225|AT1G58420|AT1G61795|AT1G62935|AT1G64540|AT1G65481|AT1G67855|AT1G68350|AT1G70830|AT1G72240|AT1G75550|AT1G75720|AT1G76610|AT1G77870|AT1G80865|AT2G01310|AT2G05915|AT2G07692|AT2G07713|AT2G07738|AT2G13422|AT2G14070|AT2G14290|AT2G14560|AT2G14900|AT2G19290|AT2G22122|AT2G22790|AT2G22820|AT2G23118|AT2G23130|AT2G23321|AT2G26020|AT2G26520|AT2G28105|AT2G29125|AT2G36210|AT2G38465|AT2G45860|AT2G46940|AT3G04181|AT3G06020|AT3G12545|AT3G14395|AT3G16040|AT3G16660|AT3G18235|AT3G19690|AT3G20450|AT3G22120|AT3G22231|AT3G22235|AT3G22410|AT3G22961|AT3G23440|AT3G26460|AT3G26616|AT3G27027|AT3G28155|AT3G42725|AT3G44440|AT3G47100|AT3G48240|AT3G49570|AT3G50450|AT3G50570|AT3G51750|AT3G53235|AT3G61571|AT3G62780|AT3G63052|AT4G01110|AT4G01140|AT4G01670|AT4G03380|AT4G08950|AT4G09649|AT4G09880|AT4G12005|AT4G12382|AT4G12950|AT4G20290|AT4G21930|AT4G22460|AT4G22620|AT4G24410|AT4G28160|AT4G28556|AT4G30662|AT4G31960|AT4G35320|AT4G35783|AT4G36170|AT4G36791|AT4G37220|AT4G39320|AT4G39930|AT5G01445|AT5G01570|AT5G02550|AT5G02640|AT5G03995|AT5G05300|AT5G09876|AT5G11425|AT5G13140|AT5G14690|AT5G15853|AT5G18661|AT5G22530|AT5G23411|AT5G24105|AT5G24980|AT5G25240|AT5G27440|AT5G27940|AT5G28010|AT5G35732|AT5G35740|AT5G39330|AT5G40155|AT5G40645|AT5G44130|AT5G44568|AT5G44582|AT5G44940|AT5G46320|AT5G50560|AT5G50660|AT5G52390|AT5G52780|AT5G54145|AT5G55680|AT5G56230|AT5G57080|AT5G59510|AT5G62998|AT5G63820|AT5G64395|AT5G64590|AT5G64870|AT5G66580|AT5G66607|AT5G67020|ATCG00870|ATCG01270|ATMG00120|ATMG00150|ATMG00240|ATMG00300|ATMG00440|ATMG00540|ATMG00600|ATMG00740|ATMG00760|ATMG00850|ATMG00910|ATMG01100|ATMG01140|ATMG01230|ATMG01400	3.63621734739789e-07	6.32701818447232e-05
GO:0005515	MF	protein binding	AT1G02450|AT1G03020|AT1G16640|AT1G17200|AT1G20010|AT1G21460|AT1G22490|AT1G26840|AT1G56060|AT1G56650|AT1G62520|AT2G02950|AT2G33520|AT2G34600|AT2G40750|AT2G43610|AT3G06600|AT3G11520|AT3G12910|AT3G16690|AT3G19390|AT3G28910|AT4G22950|AT4G23400|AT4G25100|AT4G32830|AT4G38850|AT4G39070|AT5G10140|AT5G12880|AT5G15970|AT5G19490|AT5G42800|AT5G44260|AT5G50950|AT5G59720|ATCG00500|ATCG00860|ATCG01280	0.00045380190559929	0.0263205105247588
GO:0016757	MF	glycosyltransferase activity	AT3G02100	0.000438544842938157	0.0263205105247588
GO:0043565	MF	sequence-specific DNA binding	AT1G09950|AT2G18550	0.00138807620799543	0.0603813150478011
