GOID	Definition	GOTerm	GeneID	Pvalue	Qvalue
GO:0003674	MF	molecular_function	AT1G03240|AT1G04500|AT1G05136|AT1G05210|AT1G05220|AT1G05575|AT1G05835|AT1G06475|AT1G07485|AT1G07490|AT1G07885|AT1G07985|AT1G09812|AT1G10155|AT1G11120|AT1G11145|AT1G11785|AT1G12020|AT1G13670|AT1G15900|AT1G19070|AT1G19500|AT1G20740|AT1G20990|AT1G21940|AT1G22690|AT1G23910|AT1G32560|AT1G32570|AT1G33102|AT1G34400|AT1G36640|AT1G40104|AT1G43040|AT1G51055|AT1G51405|AT1G52825|AT1G53480|AT1G53640|AT1G54070|AT1G54095|AT1G54400|AT1G54530|AT1G61710|AT1G63057|AT1G63520|AT1G64065|AT1G65484|AT1G65486|AT1G67148|AT1G68238|AT1G71910|AT1G75360|AT1G75550|AT1G76910|AT2G03580|AT2G06570|AT2G07669|AT2G07775|AT2G07981|AT2G08986|AT2G18210|AT2G19290|AT2G21820|AT2G22122|AT2G22241|AT2G24870|AT2G25169|AT2G25735|AT2G31590|AT2G32275|AT2G34186|AT2G34340|AT2G34655|AT2G36854|AT2G38790|AT2G39415|AT2G41342|AT2G41905|AT2G42820|AT2G43450|AT2G44010|AT2G45860|AT2G45930|AT2G47200|AT3G01940|AT3G09162|AT3G11745|AT3G11860|AT3G12545|AT3G13240|AT3G18120|AT3G19615|AT3G19690|AT3G20362|AT3G21680|AT3G22070|AT3G25221|AT3G29970|AT3G44210|AT3G46150|AT3G47100|AT3G47675|AT3G48298|AT3G51750|AT3G52520|AT3G52550|AT3G52740|AT3G54040|AT3G57160|AT3G58000|AT3G60286|AT3G61898|AT3G62640|AT3G62730|AT4G01985|AT4G02170|AT4G03298|AT4G03380|AT4G03600|AT4G05430|AT4G08740|AT4G10270|AT4G13235|AT4G13600|AT4G15150|AT4G16880|AT4G18280|AT4G18425|AT4G20250|AT4G21920|AT4G22170|AT4G24026|AT4G25760|AT4G27660|AT4G28085|AT4G30450|AT4G30662|AT4G30670|AT4G31441|AT4G33960|AT4G34330|AT4G35025|AT4G35320|AT4G36791|AT4G37445|AT4G38781|AT4G38840|AT4G39235|AT4G39360|AT5G01790|AT5G06990|AT5G10310|AT5G11425|AT5G13880|AT5G18661|AT5G18748|AT5G19580|AT5G23370|AT5G24980|AT5G34830|AT5G35375|AT5G37240|AT5G42146|AT5G43480|AT5G50760|AT5G54062|AT5G56230|AT5G57510|AT5G57640|AT5G60290|AT5G61412|AT5G61660|AT5G61997|AT5G62330|AT5G63240|AT5G64780|AT5G65609|AT5G66607|ATMG00050|ATMG00500|ATMG00600|ATMG00660|ATMG00680|ATMG00750|ATMG00840|ATMG00970|ATMG01000|ATMG01010|ATMG01350|ATMG01400	9.2954045461205e-07	0.000159880958193273
GO:0016757	MF	glycosyltransferase activity	AT3G03650	0.000438544842938157	0.0377148564926815
