GOID	Definition	GOTerm	GeneID	Pvalue	Qvalue
GO:0003674	MF	molecular_function	AT1G07985|AT1G13470|AT1G15010|AT1G21940|AT1G22470|AT1G23340|AT1G24095|AT1G27670|AT1G29041|AT1G30250|AT1G32570|AT1G34400|AT1G35210|AT1G48770|AT1G49150|AT1G51670|AT1G52825|AT1G54890|AT1G59865|AT1G61450|AT1G64065|AT1G65346|AT1G65484|AT1G67910|AT1G70890|AT1G74929|AT1G76240|AT1G78172|AT1G79760|AT1G80200|AT2G01300|AT2G01310|AT2G01755|AT2G03230|AT2G04495|AT2G07667|AT2G07672|AT2G07674|AT2G07676|AT2G07691|AT2G07701|AT2G07702|AT2G07713|AT2G07714|AT2G07721|AT2G07722|AT2G07724|AT2G07738|AT2G07772|AT2G07779|AT2G07787|AT2G07795|AT2G07830|AT2G13422|AT2G13430|AT2G14900|AT2G15020|AT2G18680|AT2G18690|AT2G21210|AT2G21640|AT2G23270|AT2G25169|AT2G30760|AT2G31018|AT2G34655|AT2G36854|AT2G38465|AT2G39520|AT2G42395|AT2G42820|AT2G46567|AT2G47480|AT3G06070|AT3G11640|AT3G13275|AT3G13435|AT3G14900|AT3G15534|AT3G16660|AT3G19615|AT3G22070|AT3G22231|AT3G23637|AT3G24100|AT3G25011|AT3G25014|AT3G25221|AT3G45730|AT3G46150|AT3G48640|AT3G50480|AT3G51660|AT3G51750|AT3G55790|AT3G56290|AT3G58540|AT4G00530|AT4G02170|AT4G05430|AT4G08555|AT4G13560|AT4G16008|AT4G17085|AT4G18395|AT4G18500|AT4G18501|AT4G20690|AT4G21500|AT4G21970|AT4G24026|AT4G25200|AT4G26290|AT4G27580|AT4G30670|AT4G31351|AT4G31354|AT4G31355|AT4G31380|AT4G31441|AT4G31960|AT4G33290|AT4G36110|AT4G37030|AT4G37290|AT4G37445|AT4G39235|AT5G01445|AT5G05250|AT5G05300|AT5G14560|AT5G17847|AT5G19240|AT5G22520|AT5G24640|AT5G25240|AT5G35510|AT5G41050|AT5G42530|AT5G44130|AT5G44490|AT5G44582|AT5G44585|AT5G54560|AT5G55620|AT5G56100|AT5G57510|AT5G57570|AT5G59510|AT5G60240|AT5G60290|AT5G61360|AT5G64510|AT5G64870|AT5G64890|AT5G64905|AT5G66400|ATMG00010|ATMG00050|ATMG00130|ATMG00140|ATMG00150|ATMG00170|ATMG00240|ATMG00260|ATMG00310|ATMG00320|ATMG00430|ATMG00440|ATMG00450|ATMG00500|ATMG00530|ATMG00540|ATMG00550|ATMG00600|ATMG00610|ATMG00620|ATMG00630|ATMG00660|ATMG00670|ATMG00720|ATMG00740|ATMG00750|ATMG00760|ATMG00770|ATMG00810|ATMG00820|ATMG00970|ATMG01000|ATMG01010|ATMG01040|ATMG01050|ATMG01100|ATMG01130|ATMG01140|ATMG01150|ATMG01180|ATMG01210|ATMG01230|ATMG01310|ATMG01350|ATMG01400	3.32991754251924e-09	6.59323673418809e-07
GO:0046933	MF	proton-transporting ATP synthase activity, rotational mechanism	AT2G07671|AT2G07777|ATMG00040|ATMG00410|ATMG00480|ATMG00640|ATMG01080|ATMG01090	9.50583466677816e-09	9.41077632011038e-07
GO:0051082	MF	unfolded protein binding	AT1G07400|AT1G53540|AT1G67760|AT2G29500|AT2G32120|AT3G12580|AT3G46230|AT4G21870|AT5G12020|AT5G12030|AT5G52640|AT5G59720	4.90068308908463e-08	3.23445083879585e-06
GO:0043621	MF	protein self-association	AT1G05760|AT1G07400|AT1G53540|AT2G29500|AT3G46230|AT4G21870|AT5G12020|AT5G12030|AT5G48485|AT5G59720	1.04162048446024e-05	0.000515602139807819
GO:0005515	MF	protein binding	AT1G05760|AT1G07400|AT1G15580|AT1G31350|AT1G37130|AT1G56060|AT1G65480|AT2G32210|AT2G34600|AT2G39120|AT2G40340|AT3G23050|AT3G25710|AT3G46230|AT3G48740|AT3G60010|AT3G61190|AT3G62100|AT4G15660|AT4G15670|AT4G19170|AT4G26530|AT4G33660|AT4G36540|AT4G37770|AT5G01640|AT5G04150|AT5G20230|AT5G25260|AT5G48485|AT5G48570|AT5G51440|AT5G52640|AT5G53200|AT5G56860|AT5G59720|AT5G60890|AT5G62920	0.000270143025048688	0.0106976637919281
GO:0003700	MF	DNA-binding transcription factor activity	AT1G14490|AT1G15580|AT1G65330|AT1G74930|AT2G33810|AT2G35700|AT2G38340|AT2G40340|AT3G01600|AT3G08500|AT3G23050|AT3G25710|AT3G46070|AT3G46080|AT3G46090|AT3G62100|AT4G06746|AT4G36540|AT5G04150|AT5G10340|AT5G18300|AT5G53200|AT5G56860|AT5G60890	0.000357213560938082	0.0117880475109567
GO:0043565	MF	sequence-specific DNA binding	AT5G10340|AT5G56860	0.00138807620799543	0.0392627270261564
