GOID	Definition	GOTerm	GeneID	Pvalue	Qvalue
GO:0003674	MF	molecular_function	AT1G02820|AT1G04778|AT1G07485|AT1G09460|AT1G10155|AT1G11700|AT1G13480|AT1G17830|AT1G21520|AT1G21950|AT1G27020|AT1G29460|AT1G31580|AT1G32560|AT1G34440|AT1G47280|AT1G47395|AT1G56270|AT1G65500|AT1G69160|AT1G77160|AT1G77855|AT1G79130|AT2G01008|AT2G05510|AT2G07672|AT2G13422|AT2G15042|AT2G19990|AT2G21490|AT2G23118|AT2G23321|AT2G28400|AT2G28410|AT2G31035|AT2G32275|AT2G35070|AT2G35585|AT2G35850|AT2G41730|AT2G42110|AT2G44080|AT2G47360|AT2G47780|AT3G01572|AT3G07195|AT3G08490|AT3G12955|AT3G14395|AT3G18250|AT3G19615|AT3G19690|AT3G22415|AT3G22540|AT3G23930|AT3G26960|AT3G30580|AT3G30725|AT3G44755|AT3G45851|AT3G46890|AT3G50350|AT3G50470|AT3G52740|AT4G01870|AT4G09965|AT4G13235|AT4G14226|AT4G16807|AT4G20690|AT4G23496|AT4G23680|AT4G24275|AT4G25200|AT4G26960|AT4G27435|AT4G27654|AT4G29110|AT4G33560|AT4G35770|AT4G36170|AT4G37220|AT4G37290|AT5G02090|AT5G03550|AT5G03710|AT5G09570|AT5G10946|AT5G12930|AT5G17180|AT5G25340|AT5G36970|AT5G37050|AT5G40180|AT5G40981|AT5G42235|AT5G44578|AT5G44585|AT5G46320|AT5G47170|AT5G47635|AT5G52310|AT5G55010|AT5G57567|AT5G59305|AT5G59845|AT5G60720|AT5G61820|AT5G62998|AT5G64910|AT5G67620|ATMG00140|ATMG00450|ATMG00660|ATMG00680|ATMG00970	0.000336897918146061	0.0859089691272455
GO:0020037	MF	heme binding	AT1G19630|AT1G57750|AT2G22420|AT2G27690|AT2G30750|AT2G34500|AT2G38380|AT2G45570|AT2G46650|AT3G17070|AT3G20110|AT3G26830|AT4G00360|AT4G08770|AT4G15440|AT4G31970|AT4G37370|AT5G05340|AT5G07990|AT5G19880|AT5G42180|AT5G63450|AT5G64100	0.000698810255596853	0.0890983075885987
