GOID	Definition	GOTerm	GeneID	Pvalue	Qvalue
GO:0046933	MF	proton-transporting ATP synthase activity, rotational mechanism	AT2G07671|AT2G07777|ATMG00040|ATMG00410|ATMG00480|ATMG00640|ATMG01080|ATMG01090	9.50583466677816e-09	1.79660275202107e-06
GO:0003674	MF	molecular_function	AT1G02965|AT1G03240|AT1G05740|AT1G13970|AT1G16515|AT1G21326|AT1G23130|AT1G27020|AT1G29500|AT1G29510|AT1G33055|AT1G44414|AT1G44608|AT1G47280|AT1G51000|AT1G51915|AT1G54400|AT1G54575|AT1G62510|AT1G64360|AT1G64370|AT1G65541|AT1G65985|AT1G67910|AT1G73177|AT1G74929|AT1G77160|AT2G03230|AT2G07667|AT2G07678|AT2G07692|AT2G07701|AT2G07713|AT2G07714|AT2G07719|AT2G07722|AT2G07724|AT2G07779|AT2G07795|AT2G07798|AT2G07820|AT2G14070|AT2G15130|AT2G15830|AT2G21640|AT2G21780|AT2G22790|AT2G25625|AT2G28105|AT2G37750|AT2G38823|AT2G39690|AT2G39705|AT2G42140|AT2G46840|AT3G05550|AT3G11640|AT3G15534|AT3G20340|AT3G22120|AT3G22961|AT3G26539|AT3G27027|AT3G46300|AT3G48550|AT3G49820|AT3G55900|AT3G58150|AT3G59900|AT3G60990|AT3G61340|AT3G61826|AT3G63020|AT3G63052|AT3G63088|AT4G01390|AT4G03150|AT4G05430|AT4G07408|AT4G08874|AT4G09731|AT4G09965|AT4G10695|AT4G11780|AT4G12090|AT4G12220|AT4G12380|AT4G12450|AT4G12580|AT4G13600|AT4G17085|AT4G19645|AT4G20290|AT4G20470|AT4G22460|AT4G24110|AT4G25707|AT4G26950|AT4G31960|AT4G33666|AT4G38781|AT5G01445|AT5G01881|AT5G02730|AT5G03310|AT5G04790|AT5G07572|AT5G08360|AT5G13140|AT5G14360|AT5G14560|AT5G14730|AT5G15853|AT5G17847|AT5G18060|AT5G18080|AT5G24640|AT5G25290|AT5G25340|AT5G25460|AT5G25840|AT5G26970|AT5G35510|AT5G36920|AT5G40180|AT5G40980|AT5G42070|AT5G44490|AT5G44540|AT5G44582|AT5G48690|AT5G52930|AT5G53895|AT5G54560|AT5G55565|AT5G56100|AT5G57570|AT5G60260|AT5G64395|AT5G65030|AT5G65925|AT5G66340|AT5G66830|ATCG00870|ATCG01270|ATMG00010|ATMG00030|ATMG00170|ATMG00200|ATMG00400|ATMG00430|ATMG00470|ATMG00490|ATMG00500|ATMG00530|ATMG00540|ATMG00550|ATMG00610|ATMG00620|ATMG00630|ATMG00660|ATMG00670|ATMG00740|ATMG00810|ATMG00820|ATMG00860|ATMG00870|ATMG00910|ATMG01000|ATMG01010|ATMG01020|ATMG01060|ATMG01100|ATMG01130|ATMG01150|ATMG01210|ATMG01220|ATMG01230|ATMG01260|ATMG01350|ATMG01370|ATMG01400|ATMG01410	2.70520853660561e-05	0.0025564220670923
GO:0003954	MF	NADH dehydrogenase activity	ATMG00060|ATMG00513|ATMG00516|ATMG00650|ATMG00665|ATMG01120	0.00126948052331135	0.0799772729686152
