GOID	Definition	GOTerm	GeneID	Pvalue	Qvalue
GO:0003674	MF	molecular_function	AT1G01810|AT1G06540|AT1G07120|AT1G11220|AT1G12211|AT1G17235|AT1G19070|AT1G19960|AT1G29041|AT1G29450|AT1G29540|AT1G29640|AT1G30515|AT1G32928|AT1G33640|AT1G34400|AT1G36922|AT1G40104|AT1G44414|AT1G47395|AT1G51055|AT1G51920|AT1G53633|AT1G54400|AT1G56270|AT1G56530|AT1G56555|AT1G61255|AT1G61450|AT1G63105|AT1G64360|AT1G65481|AT1G66190|AT1G67148|AT1G67910|AT1G68238|AT1G68430|AT1G69230|AT1G70220|AT1G70390|AT1G71740|AT1G75550|AT1G77870|AT1G80520|AT2G01310|AT2G07667|AT2G07669|AT2G07673|AT2G07691|AT2G07702|AT2G07713|AT2G07724|AT2G07779|AT2G18210|AT2G20784|AT2G21820|AT2G23118|AT2G30760|AT2G30766|AT2G30942|AT2G31018|AT2G31590|AT2G32130|AT2G36295|AT2G36815|AT2G38160|AT2G39415|AT2G39520|AT2G41342|AT2G42395|AT2G45940|AT2G46840|AT3G01572|AT3G01940|AT3G03130|AT3G05550|AT3G06070|AT3G12545|AT3G13240|AT3G13275|AT3G13857|AT3G19550|AT3G19690|AT3G22540|AT3G26460|AT3G26539|AT3G27410|AT3G30725|AT3G42310|AT3G44006|AT3G44440|AT3G44770|AT3G45230|AT3G45820|AT3G45851|AT3G46150|AT3G46616|AT3G46666|AT3G49570|AT3G50570|AT3G50980|AT3G52740|AT3G55515|AT3G56500|AT3G58000|AT3G58150|AT3G61117|AT3G62430|AT3G62528|AT3G63430|AT4G00530|AT4G00651|AT4G01360|AT4G05071|AT4G09649|AT4G10270|AT4G11590|AT4G11700|AT4G13235|AT4G13395|AT4G15150|AT4G16000|AT4G16140|AT4G16240|AT4G17085|AT4G17215|AT4G17240|AT4G19095|AT4G19829|AT4G20000|AT4G20420|AT4G22370|AT4G24231|AT4G24700|AT4G25510|AT4G25760|AT4G26290|AT4G27654|AT4G30097|AT4G30430|AT4G30740|AT4G31875|AT4G33130|AT4G33310|AT4G33960|AT4G35170|AT4G36170|AT4G37445|AT5G04790|AT5G05250|AT5G06990|AT5G09976|AT5G09980|AT5G10336|AT5G13880|AT5G14410|AT5G14560|AT5G15230|AT5G17350|AT5G22520|AT5G22545|AT5G22930|AT5G24105|AT5G24316|AT5G24355|AT5G34830|AT5G37240|AT5G38770|AT5G39330|AT5G40980|AT5G42146|AT5G44578|AT5G50360|AT5G51390|AT5G52547|AT5G54850|AT5G59305|AT5G61997|AT5G64780|AT5G64890|AT5G66580|AT5G66658|ATMG00030|ATMG00050|ATMG00120|ATMG00130|ATMG00150|ATMG00170|ATMG00200|ATMG00260|ATMG00310|ATMG00320|ATMG00440|ATMG00540|ATMG00600|ATMG00620|ATMG00630|ATMG00720|ATMG00750|ATMG00760|ATMG00770|ATMG00860|ATMG01030|ATMG01050|ATMG01060|ATMG01110|ATMG01140|ATMG01210|ATMG01220|ATMG01230|ATMG01310	1.42455656596381e-11	2.47872842477703e-09
GO:0005515	MF	protein binding	AT1G02450|AT1G05100|AT1G07500|AT1G16640|AT1G17147|AT1G20590|AT1G20700|AT1G47485|AT1G50280|AT1G52920|AT1G56250|AT1G65480|AT1G70800|AT1G71692|AT2G16385|AT2G32210|AT2G33793|AT2G40470|AT3G17690|AT3G19700|AT3G54180|AT3G55120|AT3G56980|AT4G17490|AT4G25380|AT4G34600|AT4G37940|AT5G02420|AT5G06270|AT5G10140|AT5G40460|AT5G44420|AT5G45820|AT5G51910|AT5G52220|AT5G56540|AT5G59220|AT5G59720|AT5G64810	0.00045380190559929	0.0263205105247588
GO:0016757	MF	glycosyltransferase activity	AT4G38310	0.000438544842938157	0.0263205105247588
GO:0003700	MF	DNA-binding transcription factor activity	AT1G01520|AT1G14490|AT1G20700|AT1G22810|AT1G32770|AT1G71692|AT1G74930|AT2G35270|AT2G40350|AT3G45610|AT3G53200|AT3G56980|AT3G60490|AT4G17490|AT4G28500|AT4G37940|AT5G03510|AT5G10140|AT5G15150|AT5G16770|AT5G26630|AT5G51190|AT5G51910|AT5G57390|AT5G59340|AT5G64810	0.00116594980242383	0.0507188164054366
