GOID	Definition	GOTerm	GeneID	Pvalue	Qvalue
GO:0015979	BP	photosynthesis	Pjv1_00000670|Pjv1_00002059|Pjv1_00003427|Pjv1_00007552|Pjv1_00007586|Pjv1_00007588|Pjv1_00008335|Pjv1_00010721|Pjv1_00014944|Pjv1_00017381|Pjv1_00017776|Pjv1_00018864|Pjv1_00020715|Pjv1_00020717|Pjv1_00022559|Pjv1_00023036|Pjv1_00029777|Pjv1_00030004|Pjv1_00030014|Pjv1_00030093	3.11478117444253e-05	0.0083787613592504
GO:0009615	BP	response to virus	Pjv1_00007132|Pjv1_00009863|Pjv1_00013727|Pjv1_00022409|Pjv1_00026129	0.000402112130212067	0.054084081513523
GO:0042549	BP	photosystem II stabilization	Pjv1_00017776|Pjv1_00022559|Pjv1_00030093	0.000994604683241571	0.0891828865973275
