GOID	Definition	GOTerm	GeneID	Pvalue	Qvalue
GO:0042773	BP	ATP synthesis coupled electron transport	Pjv1_00002976|Pjv1_00004891|Pjv1_00006027|Pjv1_00010217|Pjv1_00010687|Pjv1_00013940|Pjv1_00019093|Pjv1_00025803|Pjv1_00028526|Pjv1_00029007|Pjv1_00029642|Pjv1_00029744|Pjv1_00030120	0.000111505800681637	0.0291030139779074
GO:0019684	BP	photosynthesis, light reaction	Pjv1_00002671|Pjv1_00002684|Pjv1_00002685|Pjv1_00002976|Pjv1_00004891|Pjv1_00006027|Pjv1_00009776|Pjv1_00010217|Pjv1_00013940|Pjv1_00019097|Pjv1_00022144|Pjv1_00022145|Pjv1_00025803|Pjv1_00029007|Pjv1_00029642	0.000242915375567733	0.0317004565115891
