GOID	Definition	GOTerm	GeneID	Pvalue	Qvalue
GO:0019953	BP	sexual reproduction	Pjv1_00000220|Pjv1_00000221|Pjv1_00001181|Pjv1_00001325|Pjv1_00001509|Pjv1_00025997|Pjv1_00027701|Pjv1_00027856	3.47591486333316e-07	0.000108100952249661
GO:0045490	BP	pectin catabolic process	Pjv1_00001674|Pjv1_00003558|Pjv1_00004474|Pjv1_00005342|Pjv1_00005453|Pjv1_00007055|Pjv1_00011464|Pjv1_00012279|Pjv1_00015758|Pjv1_00016178|Pjv1_00017940|Pjv1_00026432|Pjv1_00028606	2.80627675692397e-06	0.000436376035701677
GO:0009664	BP	plant-type cell wall organization	Pjv1_00000852|Pjv1_00008325|Pjv1_00009261|Pjv1_00009262|Pjv1_00013380|Pjv1_00023181|Pjv1_00025016	0.000661393522057738	0.0685644617866522
