GOID	Definition	GOTerm	GeneID	Pvalue	Qvalue
GO:0009813	BP	flavonoid biosynthetic process	Pjv1_00004271|Pjv1_00005838|Pjv1_00006131|Pjv1_00006133|Pjv1_00011456|Pjv1_00011698|Pjv1_00012533|Pjv1_00017641|Pjv1_00021194|Pjv1_00024448|Pjv1_00027860|Pjv1_00030116	0.000124459807412764	0.0419429550981014
GO:0006952	BP	defense response	Pjv1_00000417|Pjv1_00000569|Pjv1_00001969|Pjv1_00001970|Pjv1_00002791|Pjv1_00003346|Pjv1_00004141|Pjv1_00004906|Pjv1_00004910|Pjv1_00005042|Pjv1_00006131|Pjv1_00006133|Pjv1_00010787|Pjv1_00013872|Pjv1_00014864|Pjv1_00017641|Pjv1_00018978|Pjv1_00019920|Pjv1_00019936|Pjv1_00021075|Pjv1_00021763|Pjv1_00023493|Pjv1_00024840|Pjv1_00026125|Pjv1_00026917|Pjv1_00029904	0.000407382738570735	0.0686439914491688
