GOID	Definition	GOTerm	GeneID	Pvalue	Qvalue
GO:0016192	BP	vesicle-mediated transport	Pjv1_00000615|Pjv1_00015407|Pjv1_00015408|Pjv1_00016107|Pjv1_00016700|Pjv1_00016798|Pjv1_00023456|Pjv1_00028894	0.000344257835679503	0.0546125404478036
GO:0006869	BP	lipid transport	Pjv1_00003961|Pjv1_00007478|Pjv1_00009493|Pjv1_00016080|Pjv1_00016237|Pjv1_00019519|Pjv1_00023200|Pjv1_00025238|Pjv1_00027901	0.000364083602985357	0.0546125404478036
