GOID	Definition	GOTerm	GeneID	Pvalue	Qvalue
GO:0031347	BP	regulation of defense response	Pjv1_00009593|Pjv1_00013534|Pjv1_00013649|Pjv1_00021099|Pjv1_00027208	5.3086617875394e-05	0.0156605522732412
GO:0009631	BP	cold acclimation	Pjv1_00000492|Pjv1_00002146|Pjv1_00014129	0.000994604683241571	0.0978027938520878
GO:0016114	BP	terpenoid biosynthetic process	Pjv1_00002541|Pjv1_00004700|Pjv1_00007119|Pjv1_00018680|Pjv1_00018681|Pjv1_00024568	0.000805176225843845	0.0978027938520878
