GOID	Definition	GOTerm	GeneID	Pvalue	Qvalue
GO:0009734	BP	auxin-activated signaling pathway	Pjv1_00000145|Pjv1_00003553|Pjv1_00003664|Pjv1_00009398|Pjv1_00015973|Pjv1_00019949|Pjv1_00020660|Pjv1_00020867|Pjv1_00021464|Pjv1_00023007|Pjv1_00023131|Pjv1_00024356|Pjv1_00026389|Pjv1_00026572|Pjv1_00029747|Pjv1_00029953	0.000284321429961757	0.0813227988102284
GO:0055085	BP	transmembrane transport	Pjv1_00015441	0.000781694646592139	0.0813227988102284
GO:0009851	BP	auxin biosynthetic process	Pjv1_00003857|Pjv1_00015973|Pjv1_00019949|Pjv1_00020660|Pjv1_00023131|Pjv1_00026572	0.000805176225843845	0.0813227988102284
