GOID	Definition	GOTerm	GeneID	Pvalue	Qvalue
GO:0042773	BP	ATP synthesis coupled electron transport	Pjv1_00002976|Pjv1_00009144|Pjv1_00010494|Pjv1_00013215|Pjv1_00013940|Pjv1_00017775|Pjv1_00018293|Pjv1_00019093|Pjv1_00019900|Pjv1_00024468|Pjv1_00025803|Pjv1_00026837|Pjv1_00027445|Pjv1_00029744	2.51532779042099e-05	0.00757113664916717
GO:0017004	BP	cytochrome complex assembly	Pjv1_00012535|Pjv1_00014705|Pjv1_00017955|Pjv1_00021932|Pjv1_00024670	0.00016738654953442	0.0251916757049302
