GOID	Definition	GOTerm	GeneID	Pvalue	Qvalue
GO:0005576	CC	extracellular region	Pjv1_00000648|Pjv1_00000649|Pjv1_00001366|Pjv1_00002225|Pjv1_00002758|Pjv1_00003105|Pjv1_00003568|Pjv1_00004173|Pjv1_00005187|Pjv1_00005610|Pjv1_00007078|Pjv1_00007193|Pjv1_00008116|Pjv1_00008332|Pjv1_00010534|Pjv1_00011536|Pjv1_00013095|Pjv1_00013098|Pjv1_00015556|Pjv1_00015557|Pjv1_00015766|Pjv1_00015952|Pjv1_00015956|Pjv1_00017302|Pjv1_00017384|Pjv1_00018140|Pjv1_00018145|Pjv1_00018455|Pjv1_00018544|Pjv1_00018792|Pjv1_00019611|Pjv1_00019621|Pjv1_00020200|Pjv1_00020782|Pjv1_00022650|Pjv1_00022738|Pjv1_00024350|Pjv1_00024353|Pjv1_00024612|Pjv1_00024659|Pjv1_00024682|Pjv1_00025367|Pjv1_00025391|Pjv1_00025448|Pjv1_00025782|Pjv1_00025855|Pjv1_00026717|Pjv1_00028327|Pjv1_00028425|Pjv1_00029149	3.77300580602809e-08	2.67883412227994e-06
GO:0005618	CC	cell wall	Pjv1_00001384|Pjv1_00002225|Pjv1_00002758|Pjv1_00003568|Pjv1_00004173|Pjv1_00005610|Pjv1_00007193|Pjv1_00008332|Pjv1_00009022|Pjv1_00010259|Pjv1_00010311|Pjv1_00011536|Pjv1_00013098|Pjv1_00014925|Pjv1_00015441|Pjv1_00017302|Pjv1_00018145|Pjv1_00022670|Pjv1_00022738|Pjv1_00024612|Pjv1_00024682|Pjv1_00025448|Pjv1_00025521|Pjv1_00025855|Pjv1_00027747|Pjv1_00027832|Pjv1_00028327	9.51350259526753e-05	0.00337729342131997
GO:0005840	CC	ribosome	Pjv1_00003508|Pjv1_00028659	0.00106724513396169	0.0252581348370933
