GOID	Definition	GOTerm	GeneID	Pvalue	Qvalue
GO:0009523	CC	photosystem II	Pjv1_00000006|Pjv1_00004538|Pjv1_00005739|Pjv1_00005823|Pjv1_00007965|Pjv1_00009778|Pjv1_00011348|Pjv1_00013882|Pjv1_00014661|Pjv1_00017687|Pjv1_00019149|Pjv1_00021565|Pjv1_00023036|Pjv1_00024160	0.00175039682914014	0.0895681623891749
GO:0009654	CC	photosystem II oxygen evolving complex	Pjv1_00005823|Pjv1_00007965|Pjv1_00017687	0.003582726495567	0.0895681623891749
GO:0019898	CC	extrinsic component of membrane	Pjv1_00005823|Pjv1_00007965|Pjv1_00017687	0.003582726495567	0.0895681623891749
