GOID	Definition	GOTerm	GeneID	Pvalue	Qvalue
GO:0008137	MF	NADH dehydrogenase (ubiquinone) activity	Pjv1_00002976|Pjv1_00004003|Pjv1_00006329|Pjv1_00009144|Pjv1_00010494|Pjv1_00011459|Pjv1_00013215|Pjv1_00013697|Pjv1_00013940|Pjv1_00017775|Pjv1_00018293|Pjv1_00019093|Pjv1_00019900|Pjv1_00024468|Pjv1_00025803|Pjv1_00027445|Pjv1_00027613|Pjv1_00029744|Pjv1_00030115|Pjv1_00030176	2.65472995486145e-06	0.00051236288128826
GO:0016705	MF	oxidoreductase activity, acting on paired donors, with incorporation or reduction of molecular oxygen	Pjv1_00023204	0.00053202533892575	0.0342269634708899
GO:0048038	MF	quinone binding	Pjv1_00002976|Pjv1_00009144|Pjv1_00013215|Pjv1_00013697|Pjv1_00013940|Pjv1_00017775|Pjv1_00018293|Pjv1_00019093|Pjv1_00019900|Pjv1_00024468|Pjv1_00025803|Pjv1_00026837|Pjv1_00027613|Pjv1_00030115|Pjv1_00030176	0.000513883948324534	0.0342269634708899
GO:0005524	MF	ATP binding	Pjv1_00000359|Pjv1_00000624|Pjv1_00001162|Pjv1_00001510|Pjv1_00001858|Pjv1_00002310|Pjv1_00002621|Pjv1_00002950|Pjv1_00003599|Pjv1_00003866|Pjv1_00004387|Pjv1_00006026|Pjv1_00006438|Pjv1_00006640|Pjv1_00009729|Pjv1_00009777|Pjv1_00010135|Pjv1_00010161|Pjv1_00010163|Pjv1_00010430|Pjv1_00010912|Pjv1_00011100|Pjv1_00011177|Pjv1_00011297|Pjv1_00011349|Pjv1_00012789|Pjv1_00013203|Pjv1_00013653|Pjv1_00014063|Pjv1_00015303|Pjv1_00015427|Pjv1_00015590|Pjv1_00017784|Pjv1_00019100|Pjv1_00020007|Pjv1_00020176|Pjv1_00021411|Pjv1_00021701|Pjv1_00023262|Pjv1_00023845|Pjv1_00025138|Pjv1_00025630|Pjv1_00025740|Pjv1_00026486|Pjv1_00026604|Pjv1_00026725|Pjv1_00026846|Pjv1_00026963|Pjv1_00027110|Pjv1_00027236|Pjv1_00027544|Pjv1_00028316|Pjv1_00029035|Pjv1_00029036|Pjv1_00029041|Pjv1_00029288|Pjv1_00029308|Pjv1_00030011|Pjv1_00030284	0.00196749536435497	0.0949316513301271
