GOID	Definition	GOTerm	GeneID	Pvalue	Qvalue
GO:0004175	MF	endopeptidase activity	Pjv1_00001746|Pjv1_00003754|Pjv1_00004355|Pjv1_00014886|Pjv1_00029078	5.3086617875394e-05	0.00897163842094158
GO:0047924	MF	geraniol dehydrogenase activity	Pjv1_00004418|Pjv1_00004419|Pjv1_00004423|Pjv1_00008648|Pjv1_00014735	0.000402112130212067	0.0339784750029197
GO:0004298	MF	threonine-type endopeptidase activity	Pjv1_00001746|Pjv1_00004355|Pjv1_00014886|Pjv1_00022696|Pjv1_00029078	0.000815038273541317	0.0459138227428275
