GOID	Definition	GOTerm	GeneID	Pvalue	Qvalue
GO:0030570	MF	pectate lyase activity	Pjv1_00001674|Pjv1_00004474|Pjv1_00005342|Pjv1_00005453|Pjv1_00011464|Pjv1_00012279|Pjv1_00015758|Pjv1_00016178|Pjv1_00017940|Pjv1_00028606	1.65042216822841e-07	3.28434011477454e-05
GO:0005524	MF	ATP binding	Pjv1_00000759|Pjv1_00000899|Pjv1_00001429|Pjv1_00001562|Pjv1_00002611|Pjv1_00003866|Pjv1_00004047|Pjv1_00006513|Pjv1_00006726|Pjv1_00007174|Pjv1_00007902|Pjv1_00010912|Pjv1_00013125|Pjv1_00015542|Pjv1_00016993|Pjv1_00017377|Pjv1_00018264|Pjv1_00021217|Pjv1_00021503|Pjv1_00023845|Pjv1_00025062|Pjv1_00028380	6.46538143754695e-05	0.00643305453035922
GO:0046872	MF	metal ion binding	Pjv1_00000152|Pjv1_00000158|Pjv1_00000899|Pjv1_00001111|Pjv1_00001674|Pjv1_00001772|Pjv1_00001859|Pjv1_00004047|Pjv1_00004474|Pjv1_00005342|Pjv1_00005453|Pjv1_00006693|Pjv1_00006968|Pjv1_00008752|Pjv1_00008831|Pjv1_00009124|Pjv1_00011174|Pjv1_00011456|Pjv1_00011464|Pjv1_00012279|Pjv1_00014036|Pjv1_00014334|Pjv1_00015316|Pjv1_00015758|Pjv1_00016018|Pjv1_00016178|Pjv1_00016468|Pjv1_00016891|Pjv1_00016993|Pjv1_00017027|Pjv1_00017028|Pjv1_00017458|Pjv1_00017940|Pjv1_00018753|Pjv1_00019207|Pjv1_00019920|Pjv1_00019969|Pjv1_00019976|Pjv1_00019981|Pjv1_00020190|Pjv1_00020311|Pjv1_00020849|Pjv1_00021503|Pjv1_00022916|Pjv1_00023636|Pjv1_00024247|Pjv1_00024643|Pjv1_00025062|Pjv1_00025556|Pjv1_00026077|Pjv1_00026117|Pjv1_00026356|Pjv1_00027335|Pjv1_00028606|Pjv1_00028844|Pjv1_00029375|Pjv1_00029702	0.000536196967775421	0.0355677321957696
GO:0004190	MF	aspartic-type endopeptidase activity	Pjv1_00002068|Pjv1_00004073|Pjv1_00004698|Pjv1_00015232|Pjv1_00018211|Pjv1_00024404|Pjv1_00029061	0.000975203408912235	0.0485163695933837
