GOID	Definition	GOTerm	GeneID	Pvalue	Qvalue
GO:0009055	MF	electron transfer activity	Pjv1_00000494|Pjv1_00000670|Pjv1_00001795|Pjv1_00002059|Pjv1_00007586|Pjv1_00007588|Pjv1_00010721|Pjv1_00016267|Pjv1_00016280|Pjv1_00017381|Pjv1_00017559|Pjv1_00018366|Pjv1_00018864|Pjv1_00020715|Pjv1_00020717|Pjv1_00023036|Pjv1_00030004|Pjv1_00030325	0.000403391545850537	0.0357001518077725
GO:0003700	MF	DNA-binding transcription factor activity	Pjv1_00000390|Pjv1_00002649|Pjv1_00002786|Pjv1_00007575|Pjv1_00011511|Pjv1_00013414|Pjv1_00016226|Pjv1_00016227|Pjv1_00016299|Pjv1_00018364|Pjv1_00019947|Pjv1_00022077|Pjv1_00022409|Pjv1_00022635|Pjv1_00026899	0.000363402159758736	0.0357001518077725
GO:0051539	MF	4 iron, 4 sulfur cluster binding	Pjv1_00000494|Pjv1_00001529|Pjv1_00001795|Pjv1_00002059|Pjv1_00002671|Pjv1_00002683|Pjv1_00016267|Pjv1_00016280|Pjv1_00017381|Pjv1_00019815|Pjv1_00030325	0.00128268971021012	0.0756786929023972
