GOID	Definition	GOTerm	GeneID	Pvalue	Qvalue
GO:0016168	MF	chlorophyll binding	Pjv1_00000006|Pjv1_00003117|Pjv1_00004538|Pjv1_00009778|Pjv1_00009827|Pjv1_00010214|Pjv1_00013051|Pjv1_00014465|Pjv1_00014661|Pjv1_00014666|Pjv1_00015039|Pjv1_00017363|Pjv1_00021565|Pjv1_00021957|Pjv1_00024160|Pjv1_00029826	0.000131541072065031	0.0265712965571363
GO:0016491	MF	oxidoreductase activity	Pjv1_00000158|Pjv1_00002072|Pjv1_00003117|Pjv1_00006131|Pjv1_00006133|Pjv1_00006656|Pjv1_00007326|Pjv1_00008197|Pjv1_00009223|Pjv1_00009246|Pjv1_00009631|Pjv1_00009788|Pjv1_00010214|Pjv1_00011140|Pjv1_00012499|Pjv1_00012516|Pjv1_00013051|Pjv1_00013104|Pjv1_00013882|Pjv1_00014334|Pjv1_00014465|Pjv1_00015311|Pjv1_00017933|Pjv1_00018864|Pjv1_00019244|Pjv1_00019768|Pjv1_00019771|Pjv1_00020918|Pjv1_00021717|Pjv1_00021957|Pjv1_00022395|Pjv1_00024146|Pjv1_00024211|Pjv1_00025995|Pjv1_00027541|Pjv1_00029826	0.001163177435405	0.0629103149611879
GO:0003735	MF	structural constituent of ribosome	Pjv1_00010260|Pjv1_00010574|Pjv1_00011303|Pjv1_00015950	0.00112563832471639	0.0629103149611879
GO:0016747	MF	acyltransferase activity, transferring groups other than amino-acyl groups	Pjv1_00001141|Pjv1_00001143|Pjv1_00006098|Pjv1_00006099|Pjv1_00006100|Pjv1_00006102|Pjv1_00006108|Pjv1_00006109|Pjv1_00008612|Pjv1_00011537|Pjv1_00027079|Pjv1_00030234	0.00124574881111263	0.0629103149611879
