GOID	Definition	GOTerm	GeneID	Pvalue	Qvalue
GO:0005886	CC	plasma membrane	Pjv1_00004092|Pjv1_00004108|Pjv1_00005859|Pjv1_00008565|Pjv1_00003388|Pjv1_00007791|Pjv1_00004333|Pjv1_00010279|Pjv1_00005996|Pjv1_00014968|Pjv1_00020260|Pjv1_00015720|Pjv1_00025678|Pjv1_00025096|Pjv1_00020149|Pjv1_00023822|Pjv1_00025182|Pjv1_00029115|Pjv1_00029669	6.86994467144532e-05	0.0064577479911586
GO:0005769	CC	early endosome	Pjv1_00002707|Pjv1_00000615|Pjv1_00014968	0.000879741854733492	0.0413478671724741
