GOID	Definition	GOTerm	GeneID	Pvalue	Qvalue
GO:0003723	MF	RNA binding	Pjv1_00001133|Pjv1_00000373|Pjv1_00011478|Pjv1_00011929|Pjv1_00013724|Pjv1_00013352|Pjv1_00016266|Pjv1_00020673|Pjv1_00022188|Pjv1_00019950|Pjv1_00026320|Pjv1_00025352|Pjv1_00027731|Pjv1_00028632|Pjv1_00029778	0.000338917592512057	0.0353291543478133
GO:0003779	MF	actin binding	Pjv1_00008786|Pjv1_00004333|Pjv1_00021614|Pjv1_00025616	0.000379883380084015	0.0353291543478133
GO:0008080	MF	N-acetyltransferase activity	Pjv1_00004760|Pjv1_00004762|Pjv1_00012226|Pjv1_00015928|Pjv1_00014983|Pjv1_00026511	0.00155092708009442	0.0721181092243904
GO:0048038	MF	quinone binding	Pjv1_00002976|Pjv1_00002671|Pjv1_00009033|Pjv1_00016666|Pjv1_00019093|Pjv1_00018293|Pjv1_00019815|Pjv1_00027611|Pjv1_00029533|Pjv1_00029828|Pjv1_00029642	0.00138979690606623	0.0721181092243904
