GOID	Definition	GOTerm	GeneID	Pvalue	Qvalue
GO:0005576	CC	extracellular region	AT1G02360|AT1G02900|AT1G02920|AT1G03870|AT1G11545|AT1G13609|AT1G14540|AT1G18835|AT1G19500|AT1G23340|AT1G24140|AT1G24147|AT1G28290|AT1G29670|AT1G35140|AT1G45616|AT1G47890|AT1G51920|AT1G52400|AT1G53830|AT1G53990|AT1G54890|AT1G64160|AT1G65510|AT1G67000|AT1G67750|AT1G78430|AT1G79680|AT2G02120|AT2G02130|AT2G14610|AT2G14900|AT2G18660|AT2G19990|AT2G22170|AT2G28790|AT2G29130|AT2G32990|AT2G33020|AT2G34500|AT2G37870|AT2G38530|AT2G43530|AT2G43570|AT2G43620|AT2G44450|AT2G44790|AT2G45220|AT2G47550|AT3G12145|AT3G12220|AT3G15356|AT3G16530|AT3G22600|AT3G23110|AT3G23805|AT3G24900|AT3G25010|AT3G45970|AT3G47380|AT3G53980|AT3G55950|AT4G02320|AT4G02330|AT4G08770|AT4G08780|AT4G11480|AT4G14010|AT4G21650|AT4G23150|AT4G25810|AT4G30290|AT4G30430|AT4G33420|AT4G33550|AT4G33730|AT4G37160|AT4G38400|AT5G03170|AT5G03350|AT5G05960|AT5G06720|AT5G06730|AT5G06870|AT5G10580|AT5G10760|AT5G11420|AT5G12236|AT5G17820|AT5G19110|AT5G19230|AT5G19240|AT5G20230|AT5G24820|AT5G27060|AT5G35960|AT5G44420|AT5G55450|AT5G58390|AT5G58840|AT5G59310|AT5G61750|AT5G67070	1.31658456047997e-07	1.04010180277918e-05
GO:0048046	CC	apoplast	AT1G02900|AT1G06225|AT1G29670|AT1G78370|AT2G18660|AT2G31085|AT2G34925|AT2G43570|AT2G43620|AT3G15356|AT3G16530|AT3G23805|AT3G47380|AT4G14010|AT4G37290|AT5G03350|AT5G09805|AT5G10760|AT5G67070	0.000196096671922612	0.00774581854094318
GO:0005737	CC	cytoplasm	AT1G02920|AT1G02940|AT1G06830|AT1G07400|AT1G14520|AT1G14870|AT1G17010|AT1G17180|AT1G18835|AT1G20590|AT1G26390|AT1G28480|AT1G42680|AT1G52040|AT1G56060|AT1G56150|AT1G56250|AT1G65480|AT1G67760|AT1G67980|AT1G70830|AT1G70850|AT1G76310|AT1G78370|AT1G80370|AT2G03760|AT2G24850|AT2G27550|AT2G28210|AT2G29470|AT2G39030|AT2G39330|AT2G40120|AT3G02840|AT3G09940|AT3G10880|AT3G13610|AT3G15740|AT3G16400|AT3G16410|AT3G23530|AT3G25250|AT3G25980|AT3G44220|AT3G45140|AT3G49620|AT3G51660|AT3G53220|AT3G54150|AT3G54180|AT3G57460|AT3G59620|AT3G62950|AT4G03175|AT4G11280|AT4G13000|AT4G14370|AT4G14400|AT4G15165|AT4G17220|AT4G32870|AT4G39670|AT4G39700|AT5G01100|AT5G02780|AT5G12020|AT5G12030|AT5G13320|AT5G24110|AT5G24420|AT5G25250|AT5G28237|AT5G41080|AT5G42830|AT5G44990|AT5G48570|AT5G58680|AT5G63160|AT5G64870|AT5G64890|AT5G65690	0.00333096152764242	0.0877153202279169
