GOID	Definition	GOTerm	GeneID	Pvalue	Qvalue
GO:0005618	CC	cell wall	Pjv1_00000221|Pjv1_00001325|Pjv1_00002758|Pjv1_00003558|Pjv1_00003568|Pjv1_00003618|Pjv1_00005210|Pjv1_00005382|Pjv1_00006096|Pjv1_00007267|Pjv1_00008332|Pjv1_00008985|Pjv1_00009022|Pjv1_00009262|Pjv1_00010311|Pjv1_00013098|Pjv1_00018145|Pjv1_00019866|Pjv1_00020612|Pjv1_00022685|Pjv1_00022710|Pjv1_00022738|Pjv1_00022809|Pjv1_00023158|Pjv1_00023601|Pjv1_00023859|Pjv1_00025016|Pjv1_00025855|Pjv1_00025861|Pjv1_00025997|Pjv1_00026297|Pjv1_00028327|Pjv1_00030333	1.83478943205219e-07	1.22930891947497e-05
GO:0005576	CC	extracellular region	Pjv1_00000221|Pjv1_00000647|Pjv1_00000648|Pjv1_00000649|Pjv1_00001325|Pjv1_00001366|Pjv1_00002043|Pjv1_00002758|Pjv1_00002948|Pjv1_00003558|Pjv1_00003568|Pjv1_00003618|Pjv1_00007078|Pjv1_00007267|Pjv1_00008116|Pjv1_00008332|Pjv1_00008545|Pjv1_00008985|Pjv1_00009262|Pjv1_00013098|Pjv1_00014688|Pjv1_00014821|Pjv1_00015758|Pjv1_00015857|Pjv1_00015952|Pjv1_00016809|Pjv1_00017384|Pjv1_00018145|Pjv1_00019866|Pjv1_00020612|Pjv1_00020781|Pjv1_00020782|Pjv1_00022650|Pjv1_00022685|Pjv1_00022738|Pjv1_00023158|Pjv1_00023601|Pjv1_00025016|Pjv1_00025855|Pjv1_00025861|Pjv1_00025997|Pjv1_00026297|Pjv1_00026717|Pjv1_00026844|Pjv1_00028327|Pjv1_00029149|Pjv1_00030333	6.31232289844082e-07	2.11462817097767e-05
GO:0009535	CC	chloroplast thylakoid membrane	Pjv1_00003633|Pjv1_00004891|Pjv1_00006325|Pjv1_00007047|Pjv1_00008775|Pjv1_00013881|Pjv1_00018222|Pjv1_00029922|Pjv1_00030015|Pjv1_00030093	0.000516364722755212	0.0115321454748664
