GOID	Definition	GOTerm	GeneID	Pvalue	Qvalue
GO:0009570	CC	chloroplast stroma	Pjv1_00002623|Pjv1_00002664|Pjv1_00006025|Pjv1_00006166|Pjv1_00006969|Pjv1_00008173|Pjv1_00010162|Pjv1_00010443|Pjv1_00012300|Pjv1_00012302|Pjv1_00012584|Pjv1_00012790|Pjv1_00013203|Pjv1_00014259|Pjv1_00015038|Pjv1_00015303|Pjv1_00019801|Pjv1_00020879|Pjv1_00020881|Pjv1_00023758|Pjv1_00025148|Pjv1_00025220|Pjv1_00029656|Pjv1_00029681	0.000188615030645638	0.0152778174822967
GO:0016020	CC	membrane	Pjv1_00001828|Pjv1_00003477|Pjv1_00004475|Pjv1_00006370|Pjv1_00007852|Pjv1_00007889|Pjv1_00012272|Pjv1_00012709|Pjv1_00016681|Pjv1_00017564|Pjv1_00018279|Pjv1_00018928|Pjv1_00025916|Pjv1_00028282|Pjv1_00029922	0.000437227172713283	0.017707700494888
