GOID	Definition	GOTerm	GeneID	Pvalue	Qvalue
GO:0005886	CC	plasma membrane	AT1G02440|AT1G23465|AT1G64065|AT2G16060|AT2G39530|AT2G41905|AT3G13520|AT3G22240|AT3G23120|AT3G25780|AT3G28007|AT3G44320|AT3G52530|AT3G55940|AT3G62150|AT4G14358|AT4G18430|AT4G27280|AT5G03350|AT5G03840|AT5G10380|AT5G23170|AT5G25260|AT5G42860|AT5G65600	1.82216093959446e-06	0.000138484231409179
GO:0009506	CC	plasmodesma	AT2G16060|AT2G39330|AT2G41480|AT4G38400|AT5G25460	0.000624376170459242	0.0237262944774512
