GOID	Definition	GOTerm	GeneID	Pvalue	Qvalue
GO:0045271	CC	respiratory chain complex I	AT1G14450|AT1G19580|AT4G34700|ATMG00650	0.000445510175214371	0.0663810161069413
GO:0000145	CC	exocyst	AT1G10180|AT1G72470|AT2G28650|AT5G13150	0.00120381398095463	0.0896841415811196
