GOID	Definition	GOTerm	GeneID	Pvalue	Qvalue
GO:0043531	MF	ADP binding	AT1G63350|AT1G63360|AT1G63860|AT1G72900|AT1G72950|AT2G14080|AT2G17060|AT3G07040|AT3G25510|AT3G44630|AT3G46730|AT4G16860|AT4G16890|AT4G16920|AT4G16940|AT5G18370|AT5G22690|AT5G41550|AT5G41740|AT5G41750|AT5G46450|AT5G46490|AT5G49140	1.18530142284297e-10	3.11242725897891e-08
GO:0050135	MF	NAD(P)+ nucleosidase activity	AT1G63860|AT1G72900|AT1G72950|AT2G14080|AT2G17060|AT3G44630|AT4G16860|AT4G16890|AT4G16920|AT4G16940|AT5G18370|AT5G22690|AT5G41550|AT5G41740|AT5G41750|AT5G46450|AT5G46490|AT5G49140	3.26478383808977e-10	3.11242725897891e-08
GO:0061809	MF	NAD+ nucleotidase, cyclic ADP-ribose generating	AT1G63860|AT1G72900|AT1G72950|AT2G14080|AT2G17060|AT3G44630|AT4G16860|AT4G16890|AT4G16920|AT4G16940|AT5G18370|AT5G22690|AT5G41550|AT5G41740|AT5G41750|AT5G46450|AT5G46490|AT5G49140	3.26478383808977e-10	3.11242725897891e-08
