GOID	Definition	GOTerm	GeneID	Pvalue	Qvalue
GO:0051082	MF	unfolded protein binding	AT1G16030|AT1G53540|AT1G54050|AT1G59860|AT2G29500|AT3G12580|AT3G46230|AT4G10250|AT5G12020|AT5G12030|AT5G37670|AT5G52640	1.20774462014439e-06	0.000400971213887936
GO:0008324	MF	monoatomic cation transmembrane transporter activity	AT2G47830|AT3G12100|AT3G14070|AT5G17860	0.000445510175214371	0.0739546890855856
