GOID	Definition	GOTerm	GeneID	Pvalue	Qvalue
GO:0003729	MF	mRNA binding	AT1G03130|AT1G06680|AT1G15810|AT1G15820|AT1G23310|AT1G29910|AT1G29930|AT1G42970|AT1G60000|AT1G67090|AT1G68010|AT2G17360|AT2G24060|AT2G28900|AT2G39730|AT2G42520|AT3G13700|AT3G14415|AT3G23700|AT3G26650|AT3G54890|AT3G56940|AT3G63370|AT4G03280|AT4G10340|AT4G20980|AT4G27440|AT4G28750|AT4G30690|AT5G13630|AT5G17170|AT5G21222|AT5G38430|AT5G40950|AT5G45330|AT5G54600	4.49481245201078e-05	0.0140687629747938
GO:0016168	MF	chlorophyll binding	AT1G15820|AT1G29910|AT1G29930|AT2G05100|AT3G54890|AT4G10340|ATCG00690	0.000159517567903292	0.0249644993768653
