GOID	Definition	GOTerm	GeneID	Pvalue	Qvalue
GO:0003729	MF	mRNA binding	AT1G14410|AT1G29310|AT1G47500|AT1G48570|AT2G33370|AT3G54770|AT4G29410	0.000660430066987676	0.0693736766560995
GO:0043565	MF	sequence-specific DNA binding	AT5G15150	0.000438544842938157	0.0693736766560995
GO:0004630	MF	phospholipase D activity	AT1G52570|AT3G05630|AT4G00240	0.000994604683241571	0.0693736766560995
GO:0070290	MF	N-acylphosphatidylethanolamine-specific phospholipase D activity	AT1G52570|AT3G05630|AT4G00240	0.000994604683241571	0.0693736766560995
