GOID	Definition	GOTerm	GeneID	Pvalue	Qvalue
GO:0031347	BP	regulation of defense response	Pjv1_00004039|Pjv1_00013649|Pjv1_00009593|Pjv1_00013534|Pjv1_00026507	5.3086617875394e-05	0.0159259853626182
GO:0019253	BP	reductive pentose-phosphate cycle	Pjv1_00000872|Pjv1_00002687|Pjv1_00011589|Pjv1_00010391|Pjv1_00013612|Pjv1_00019103	0.000481214835191602	0.0721822252787403
