GOID	Definition	GOTerm	GeneID	Pvalue	Qvalue
GO:0006412	BP	translation	Pjv1_00005682|Pjv1_00003171|Pjv1_00009403|Pjv1_00002175|Pjv1_00007778|Pjv1_00011768|Pjv1_00010015|Pjv1_00006428|Pjv1_00011824|Pjv1_00006005|Pjv1_00008180|Pjv1_00012398|Pjv1_00014940|Pjv1_00011263|Pjv1_00015046|Pjv1_00015822|Pjv1_00017298|Pjv1_00013263|Pjv1_00016685|Pjv1_00022141|Pjv1_00018927|Pjv1_00017429|Pjv1_00022585|Pjv1_00020311|Pjv1_00025277|Pjv1_00025455|Pjv1_00027105|Pjv1_00021424|Pjv1_00021430|Pjv1_00027238|Pjv1_00026159|Pjv1_00030296	1.36425352264323e-05	0.00446110901904335
GO:0009734	BP	auxin-activated signaling pathway	Pjv1_00003553|Pjv1_00004420|Pjv1_00001060|Pjv1_00010288|Pjv1_00012774|Pjv1_00017622|Pjv1_00020660|Pjv1_00017693|Pjv1_00024247|Pjv1_00021822|Pjv1_00021591|Pjv1_00016655|Pjv1_00019938|Pjv1_00022755|Pjv1_00023131	0.00010401598316389	0.017006613247296
