GOID	Definition	GOTerm	GeneID	Pvalue	Qvalue
GO:0016114	BP	terpenoid biosynthetic process	Pjv1_00004699|Pjv1_00004700|Pjv1_00007822|Pjv1_00018681|Pjv1_00018683|Pjv1_00018684	6.13887100981981e-06	0.00232663211272171
GO:0045339	BP	farnesyl diphosphate catabolic process	Pjv1_00004699|Pjv1_00018683|Pjv1_00018684	0.000994604683241571	0.0942387937371388
GO:1901940	BP	(-)-exo-alpha-bergamotene biosynthetic process	Pjv1_00004699|Pjv1_00018683|Pjv1_00018684	0.000994604683241571	0.0942387937371388
GO:0008272	BP	sulfate transport	Pjv1_00018290|Pjv1_00020131|Pjv1_00018071	0.000994604683241571	0.0942387937371388
