GOID	Definition	GOTerm	GeneID	Pvalue	Qvalue
GO:0006508	BP	proteolysis	Pjv1_00006581|Pjv1_00006583|Pjv1_00004287|Pjv1_00010573|Pjv1_00007857|Pjv1_00022672|Pjv1_00024232|Pjv1_00017337|Pjv1_00018137|Pjv1_00018138|Pjv1_00018844|Pjv1_00022150|Pjv1_00019704|Pjv1_00022488|Pjv1_00022489|Pjv1_00026771|Pjv1_00028425|Pjv1_00025367|Pjv1_00029201|Pjv1_00027747|Pjv1_00028984|Pjv1_00029216|Pjv1_00028893	4.62514158683482e-10	1.50779615730815e-07
GO:2000122	BP	negative regulation of stomatal complex development	Pjv1_00007857|Pjv1_00022672|Pjv1_00022488|Pjv1_00022489|Pjv1_00029201|Pjv1_00027747|Pjv1_00028984|Pjv1_00028983|Pjv1_00028893	1.11731227845036e-06	0.000182121901387408
GO:0009736	BP	cytokinin-activated signaling pathway	Pjv1_00002654|Pjv1_00003388|Pjv1_00013932|Pjv1_00020607|Pjv1_00020695|Pjv1_00026920	0.000481214835191602	0.0522920120908207
