GOID	Definition	GOTerm	GeneID	Pvalue	Qvalue
GO:0048046	CC	apoplast	Pjv1_00017518|Pjv1_00021952|Pjv1_00024865	0.00218223210821067	0.0765100486241555
GO:0005774	CC	vacuolar membrane	Pjv1_00002805|Pjv1_00000537|Pjv1_00001708|Pjv1_00006106|Pjv1_00006741|Pjv1_00006749|Pjv1_00012442|Pjv1_00014341|Pjv1_00009648|Pjv1_00016606|Pjv1_00027537|Pjv1_00027538|Pjv1_00028051|Pjv1_00027738|Pjv1_00029115	0.00306040194496622	0.0765100486241555
GO:0015629	CC	actin cytoskeleton	Pjv1_00004333|Pjv1_00021614|Pjv1_00025820|Pjv1_00025616	0.00252992170633676	0.0765100486241555
GO:0030981	CC	cortical microtubule cytoskeleton	Pjv1_00008565|Pjv1_00006111|Pjv1_00028516	0.000994604683241571	0.0765100486241555
