GOID	Definition	GOTerm	GeneID	Pvalue	Qvalue
GO:0005840	CC	ribosome	Pjv1_00004501|Pjv1_00003171|Pjv1_00009403|Pjv1_00002175|Pjv1_00007778|Pjv1_00011768|Pjv1_00010015|Pjv1_00006428|Pjv1_00008180|Pjv1_00008190|Pjv1_00012398|Pjv1_00011263|Pjv1_00015046|Pjv1_00015822|Pjv1_00017298|Pjv1_00016685|Pjv1_00022141|Pjv1_00018927|Pjv1_00017429|Pjv1_00022883|Pjv1_00022585|Pjv1_00025277|Pjv1_00025455|Pjv1_00027105|Pjv1_00021430|Pjv1_00027238|Pjv1_00026159|Pjv1_00030296	7.07088042546816e-06	0.000777796846801498
GO:0022627	CC	cytosolic small ribosomal subunit	Pjv1_00005682|Pjv1_00001803|Pjv1_00002175|Pjv1_00011824|Pjv1_00007017|Pjv1_00014940|Pjv1_00021424	4.53303915940856e-05	0.00249317153767471
