GOID	Definition	GOTerm	GeneID	Pvalue	Qvalue
GO:0005576	CC	extracellular region	Pjv1_00005968|Pjv1_00015476|Pjv1_00016877|Pjv1_00016277|Pjv1_00015497|Pjv1_00018917|Pjv1_00018386|Pjv1_00019611	0.000883709290507963	0.0561951646031487
GO:0009707	CC	chloroplast outer membrane	Pjv1_00023729|Pjv1_00028746|Pjv1_00030295	0.000994604683241571	0.0561951646031487
