GOID	Definition	GOTerm	GeneID	Pvalue	Qvalue
GO:0005840	CC	ribosome	Pjv1_00011315|Pjv1_00019379	0.00027923700800155	0.0256898047361426
GO:0005618	CC	cell wall	Pjv1_00012203|Pjv1_00017407|Pjv1_00029850	0.000889648111136302	0.0409238131122699
GO:0005576	CC	extracellular region	Pjv1_00001789|Pjv1_00001407|Pjv1_00009446|Pjv1_00007449|Pjv1_00009965|Pjv1_00010902|Pjv1_00020190|Pjv1_00019286|Pjv1_00027823	0.0021291565369387	0.0652941337994534
GO:0005622	CC	intracellular anatomical structure	Pjv1_00021418	0.00427385160035369	0.0982985868081348
