GOID	Definition	GOTerm	GeneID	Pvalue	Qvalue
GO:0048046	CC	apoplast	Pjv1_00004149|Pjv1_00004676|Pjv1_00010573|Pjv1_00007857|Pjv1_00009783|Pjv1_00011281|Pjv1_00005204|Pjv1_00015254|Pjv1_00015265|Pjv1_00017933|Pjv1_00017518|Pjv1_00022672|Pjv1_00026727|Pjv1_00026728|Pjv1_00022488|Pjv1_00022489|Pjv1_00025427|Pjv1_00029201|Pjv1_00027747|Pjv1_00028984|Pjv1_00028983|Pjv1_00029216|Pjv1_00028893	0.000341403118925529	0.0249110164865577
GO:0005618	CC	cell wall	Pjv1_00004149|Pjv1_00006195|Pjv1_00010573|Pjv1_00007857|Pjv1_00009783|Pjv1_00007967|Pjv1_00009857|Pjv1_00005204|Pjv1_00015254|Pjv1_00022672|Pjv1_00024232|Pjv1_00024902|Pjv1_00023898|Pjv1_00022150|Pjv1_00019704|Pjv1_00022488|Pjv1_00022489|Pjv1_00026432|Pjv1_00029201|Pjv1_00027747|Pjv1_00028984|Pjv1_00028983|Pjv1_00029216|Pjv1_00028893	0.000541543836664297	0.0249110164865577
GO:0005576	CC	extracellular region	Pjv1_00007079|Pjv1_00006581|Pjv1_00006583|Pjv1_00003103|Pjv1_00003105|Pjv1_00004287|Pjv1_00010573|Pjv1_00007420|Pjv1_00009783|Pjv1_00007967|Pjv1_00010458|Pjv1_00009857|Pjv1_00012711|Pjv1_00015956|Pjv1_00024232|Pjv1_00017337|Pjv1_00024902|Pjv1_00023893|Pjv1_00023898|Pjv1_00018137|Pjv1_00018138|Pjv1_00018844|Pjv1_00022150|Pjv1_00026771|Pjv1_00028425|Pjv1_00026432|Pjv1_00027823|Pjv1_00025367|Pjv1_00029216|Pjv1_00029702|Pjv1_00030142	0.0032599423134189	0.0999715642781796
