GOID	Definition	GOTerm	GeneID	Pvalue	Qvalue
GO:0003735	MF	structural constituent of ribosome	Pjv1_00005682|Pjv1_00004501|Pjv1_00003171|Pjv1_00001803|Pjv1_00009403|Pjv1_00002175|Pjv1_00007778|Pjv1_00011768|Pjv1_00010015|Pjv1_00006428|Pjv1_00011824|Pjv1_00007017|Pjv1_00006005|Pjv1_00008180|Pjv1_00008190|Pjv1_00012398|Pjv1_00014940|Pjv1_00011263|Pjv1_00015046|Pjv1_00015822|Pjv1_00017298|Pjv1_00013263|Pjv1_00016685|Pjv1_00022141|Pjv1_00018927|Pjv1_00017429|Pjv1_00022585|Pjv1_00020311|Pjv1_00025277|Pjv1_00025455|Pjv1_00027105|Pjv1_00021424|Pjv1_00021430|Pjv1_00027238|Pjv1_00026159|Pjv1_00030296	3.24686020813023e-06	0.000626644020169135
GO:0030247	MF	polysaccharide binding	Pjv1_00001869|Pjv1_00011638|Pjv1_00006726|Pjv1_00011905|Pjv1_00022850|Pjv1_00029758	0.000481214835191602	0.0464372315959896
GO:0033879	MF	acetylajmaline esterase activity	Pjv1_00003625|Pjv1_00003629|Pjv1_00010094|Pjv1_00029841	0.00120381398095463	0.0774453661080809
