GOID	Definition	GOTerm	GeneID	Pvalue	Qvalue
GO:0004252	MF	serine-type endopeptidase activity	Pjv1_00010573|Pjv1_00007857|Pjv1_00009783|Pjv1_00022672|Pjv1_00024232|Pjv1_00018137|Pjv1_00018138|Pjv1_00022150|Pjv1_00022488|Pjv1_00022489|Pjv1_00029201|Pjv1_00027747|Pjv1_00028984|Pjv1_00028983|Pjv1_00029216|Pjv1_00028893	2.80734820006526e-08	5.89543122013705e-06
GO:0004185	MF	serine-type carboxypeptidase activity	Pjv1_00006581|Pjv1_00006583|Pjv1_00004287|Pjv1_00017337|Pjv1_00018844|Pjv1_00025367|Pjv1_00030142	0.000269521823326374	0.0282997914492693
GO:0003676	MF	nucleic acid binding	Pjv1_00002297|Pjv1_00007366|Pjv1_00004334|Pjv1_00009302|Pjv1_00008035|Pjv1_00013382|Pjv1_00010877|Pjv1_00010515|Pjv1_00020558|Pjv1_00020856|Pjv1_00022600|Pjv1_00023318|Pjv1_00026576	0.000556178590226391	0.0389325013158473
