GOID	Definition	GOTerm	GeneID	Pvalue	Qvalue
GO:0008270	MF	zinc ion binding	Pjv1_00001272|Pjv1_00001290|Pjv1_00000292|Pjv1_00006201|Pjv1_00002639|Pjv1_00002269|Pjv1_00009729|Pjv1_00015474|Pjv1_00014667|Pjv1_00013431|Pjv1_00014745|Pjv1_00013520|Pjv1_00013521|Pjv1_00012211|Pjv1_00012220|Pjv1_00014223|Pjv1_00017981|Pjv1_00022128|Pjv1_00019651|Pjv1_00023113|Pjv1_00022820|Pjv1_00020673|Pjv1_00019815|Pjv1_00016544|Pjv1_00016545|Pjv1_00024221|Pjv1_00021975|Pjv1_00021156|Pjv1_00021882|Pjv1_00018011|Pjv1_00027835|Pjv1_00026434|Pjv1_00026240|Pjv1_00021434|Pjv1_00025597|Pjv1_00026960|Pjv1_00029933	1.75076443122047e-05	0.00339648299656772
GO:0008198	MF	ferrous iron binding	Pjv1_00016544|Pjv1_00016545|Pjv1_00020334	0.000994604683241571	0.0964766542744323
