GOID	Definition	GOTerm	GeneID	Pvalue	Qvalue
GO:0007018	BP	microtubule-based movement	AT1G18370|AT1G20060|AT1G72250|AT2G22610|AT2G36200|AT2G47500|AT3G10310|AT3G17360|AT3G44050|AT3G54870|AT4G14150|AT4G14330|AT4G26660|AT5G54670|AT5G55520	4.81463666337421e-08	2.16658649851839e-05
GO:0009834	BP	plant-type secondary cell wall biogenesis	AT1G03870|AT1G43790|AT1G75500|AT2G04780|AT2G36570|AT2G38080|AT4G18780|AT5G67210	0.000501167940950288	0.0751751911425432
GO:0010233	BP	phloem transport	AT1G06490|AT2G01950|AT4G29920|AT5G02600|AT5G57130	0.000402112130212067	0.0751751911425432
