GOID	Definition	GOTerm	GeneID	Pvalue	Qvalue
GO:0042742	BP	defense response to bacterium	AT1G01230|AT1G06680|AT1G20020|AT1G53990|AT1G74710|AT2G01830|AT2G22330|AT2G39730|AT3G01480|AT3G04790|AT3G14415|AT3G53810|AT4G03280|AT4G19660|AT4G31550|AT4G31800|AT4G39950|AT5G18370|AT5G45060|AT5G57220|AT5G60280|AT5G60300	1.98152672347131e-06	0.00111758107203782
GO:0009409	BP	response to cold	AT1G01140|AT1G08930|AT1G23740|AT1G42970|AT1G67090|AT1G74710|AT1G80820|AT2G05100|AT2G28900|AT2G39730|AT3G16470|AT3G16690|AT3G23700|AT3G26650|AT3G55990|AT4G16860|AT4G25490|AT4G33980|AT5G54590|AT5G54770	0.000210129363837305	0.0502054274528286
GO:0015995	BP	chlorophyll biosynthetic process	AT3G14110|AT3G56940|AT3G59400|AT4G25080|AT4G27440|AT5G13630	0.000267050146025684	0.0502054274528286
