GOID	Definition	GOTerm	GeneID	Pvalue	Qvalue
GO:0005634	CC	nucleus	AT1G01380|AT1G01560|AT1G01690|AT1G04580|AT1G07430|AT1G08290|AT1G10220|AT1G11270|AT1G12200|AT1G12610|AT1G13330|AT1G13420|AT1G15385|AT1G17380|AT1G18710|AT1G19210|AT1G20620|AT1G21326|AT1G21910|AT1G23550|AT1G25375|AT1G28370|AT1G45201|AT1G50280|AT1G51355|AT1G52400|AT1G52410|AT1G52890|AT1G53170|AT1G53230|AT1G54160|AT1G55910|AT1G56250|AT1G56600|AT1G58643|AT1G64065|AT1G65730|AT1G67025|AT1G67150|AT1G72280|AT1G73010|AT1G76650|AT1G77520|AT1G79520|AT1G79915|AT1G80840|AT2G01150|AT2G17040|AT2G20470|AT2G21780|AT2G24430|AT2G26150|AT2G27650|AT2G28510|AT2G34260|AT2G34600|AT2G36650|AT2G37430|AT2G38340|AT2G43500|AT2G44840|AT2G46400|AT2G47190|AT3G01830|AT3G02840|AT3G05380|AT3G05630|AT3G06020|AT3G06420|AT3G06750|AT3G07070|AT3G09350|AT3G09950|AT3G11020|AT3G15500|AT3G17690|AT3G17860|AT3G20510|AT3G23250|AT3G26460|AT3G28210|AT3G46080|AT3G51180|AT3G54150|AT3G55380|AT3G56880|AT3G57080|AT3G60120|AT3G62150|AT4G01250|AT4G11880|AT4G13480|AT4G14060|AT4G18170|AT4G18390|AT4G18770|AT4G18890|AT4G19260|AT4G19865|AT4G21680|AT4G23810|AT4G24380|AT4G29190|AT4G29930|AT4G31800|AT4G34410|AT4G34412|AT4G36550|AT4G38370|AT5G01380|AT5G02030|AT5G02510|AT5G03720|AT5G05190|AT5G06510|AT5G10340|AT5G13220|AT5G16970|AT5G20150|AT5G20540|AT5G24280|AT5G27080|AT5G37340|AT5G38020|AT5G38140|AT5G41030|AT5G41740|AT5G42380|AT5G43650|AT5G45090|AT5G47220|AT5G47910|AT5G48850|AT5G49150|AT5G49520|AT5G50360|AT5G52020|AT5G53750|AT5G53830|AT5G54070|AT5G54490|AT5G58670|AT5G58680|AT5G59340|AT5G63530|AT5G64540|AT5G64750|AT5G64810|AT5G65140|AT5G65590|AT5G66640|AT5G67060|AT5G67180	0.00106079017425886	0.0587110440987229
GO:0016020	CC	membrane	AT1G06520|AT1G12950|AT1G15150|AT1G15170|AT1G55910|AT1G65730|AT1G79520|AT2G04040|AT2G04050|AT2G24600|AT2G26560|AT3G14070|AT3G20510|AT3G60160|AT3G60970|AT3G61190|AT4G21120|AT4G23030|AT4G28390|AT4G37370|AT4G37400|AT5G07280|AT5G17860|AT5G19070|AT5G44050|AT5G52050|AT5G54100|AT5G57220	0.00214796502800206	0.0587110440987229
GO:0005774	CC	vacuolar membrane	AT1G12950|AT1G54000|AT1G69840|AT2G23150|AT2G38170|AT2G41100|AT3G12580|AT3G14070|AT3G25780|AT3G60160|AT3G60970|AT3G62150|AT4G22690|AT5G06730|AT5G25250	0.00207161929819767	0.0587110440987229
