GOID	Definition	GOTerm	GeneID	Pvalue	Qvalue
GO:0043531	MF	ADP binding	AT1G53350|AT1G58410|AT1G58807|AT1G59124|AT1G63360|AT1G72940|AT2G14080|AT2G39730|AT3G04220|AT3G07040|AT3G44630|AT4G16860|AT5G18370|AT5G22690|AT5G45060|AT5G46450|AT5G48770|AT5G49140	1.00279309001893e-06	0.000301840720095699
GO:0050135	MF	NAD(P)+ nucleosidase activity	AT1G72930|AT1G72940|AT2G14080|AT3G04220|AT3G44630|AT4G16860|AT5G18370|AT5G22690|AT5G45060|AT5G46450|AT5G48770|AT5G49140	5.0249578274326e-05	0.00504170768685737
GO:0061809	MF	NAD+ nucleotidase, cyclic ADP-ribose generating	AT1G72930|AT1G72940|AT2G14080|AT3G04220|AT3G44630|AT4G16860|AT5G18370|AT5G22690|AT5G45060|AT5G46450|AT5G48770|AT5G49140	5.0249578274326e-05	0.00504170768685737
