GOID	Definition	GOTerm	GeneID	Pvalue	Qvalue
GO:0005515	MF	protein binding	AT1G01370|AT1G03790|AT1G05100|AT1G05620|AT1G07430|AT1G07790|AT1G10560|AT1G19490|AT1G30500|AT1G48930|AT1G59830|AT1G63930|AT1G67190|AT1G72210|AT1G73000|AT1G76260|AT2G14760|AT2G26150|AT2G27370|AT2G29380|AT2G30340|AT2G30580|AT2G38300|AT2G41100|AT2G47270|AT3G01990|AT3G05640|AT3G11550|AT3G13782|AT3G15540|AT3G15650|AT3G17600|AT3G24240|AT3G49580|AT3G49845|AT3G54180|AT4G00240|AT4G08040|AT4G19030|AT4G21340|AT4G22745|AT4G30860|AT5G01520|AT5G08480|AT5G15970|AT5G16320|AT5G16570|AT5G19340|AT5G23090|AT5G23130|AT5G24100|AT5G24660|AT5G37500|AT5G39520|AT5G45840|AT5G56540|AT5G59220|AT5G63350|AT5G64900	0.00118935686388173	0.0802815883120165
GO:0004553	MF	hydrolase activity, hydrolyzing O-glycosyl compounds	AT1G47600|AT1G65310|AT2G18800|AT2G44450|AT2G44460|AT3G13784|AT3G60140|AT4G25820|AT4G28850	0.000501877892644929	0.0802815883120165
GO:0004630	MF	phospholipase D activity	AT1G52570|AT3G05630|AT4G00240	0.000994604683241571	0.0802815883120165
GO:0070290	MF	N-acylphosphatidylethanolamine-specific phospholipase D activity	AT1G52570|AT3G05630|AT4G00240	0.000994604683241571	0.0802815883120165
