GOID	Definition	GOTerm	GeneID	Pvalue	Qvalue
GO:0006412	BP	translation	Pjv1_00003885|Pjv1_00009403|Pjv1_00006557|Pjv1_00004447|Pjv1_00006083|Pjv1_00009725|Pjv1_00012173|Pjv1_00010261|Pjv1_00006005|Pjv1_00009145|Pjv1_00011120|Pjv1_00010301|Pjv1_00015872|Pjv1_00012398|Pjv1_00015046|Pjv1_00012303|Pjv1_00012304|Pjv1_00019105|Pjv1_00026229|Pjv1_00019448|Pjv1_00022141|Pjv1_00023033|Pjv1_00023034|Pjv1_00025277|Pjv1_00025364|Pjv1_00023787|Pjv1_00021430|Pjv1_00028659|Pjv1_00028782|Pjv1_00028854|Pjv1_00030113|Pjv1_00030296|Pjv1_00029940	5.2087982172477e-06	0.00165118903486752
GO:0019684	BP	photosynthesis, light reaction	Pjv1_00002976|Pjv1_00009775|Pjv1_00014752|Pjv1_00016816|Pjv1_00017276|Pjv1_00022342|Pjv1_00016666|Pjv1_00022139|Pjv1_00018293|Pjv1_00026837|Pjv1_00030140|Pjv1_00030298|Pjv1_00030196	6.46540052881519e-05	0.0102476598381721
GO:0015986	BP	proton motive force-driven ATP synthesis	Pjv1_00003633|Pjv1_00020219|Pjv1_00014802|Pjv1_00015616|Pjv1_00021563|Pjv1_00022351|Pjv1_00023312|Pjv1_00027394|Pjv1_00029835|Pjv1_00029667|Pjv1_00029669	0.000409761886252338	0.0432981726473304
