GOID	Definition	GOTerm	GeneID	Pvalue	Qvalue
GO:0006508	BP	proteolysis	Pjv1_00005569|Pjv1_00001789|Pjv1_00010573|Pjv1_00022680|Pjv1_00024232|Pjv1_00018137|Pjv1_00016714|Pjv1_00022150|Pjv1_00022384|Pjv1_00024709|Pjv1_00026771|Pjv1_00025367|Pjv1_00027747|Pjv1_00028984|Pjv1_00028035|Pjv1_00028893|Pjv1_00029207	1.08962912108229e-05	0.00405342033042612
GO:0042744	BP	hydrogen peroxide catabolic process	Pjv1_00001948|Pjv1_00000647|Pjv1_00002948|Pjv1_00006230|Pjv1_00001407|Pjv1_00003940|Pjv1_00007420|Pjv1_00020781|Pjv1_00018994|Pjv1_00018995|Pjv1_00024982	0.000240082807695313	0.0446554022313283
