GOID	Definition	GOTerm	GeneID	Pvalue	Qvalue
GO:0006508	BP	proteolysis	Pjv1_00004892|Pjv1_00008494|Pjv1_00007857|Pjv1_00010731|Pjv1_00022672|Pjv1_00022680|Pjv1_00018138|Pjv1_00018139|Pjv1_00019704|Pjv1_00022488|Pjv1_00022489|Pjv1_00022384|Pjv1_00026771|Pjv1_00024865|Pjv1_00027747|Pjv1_00028035|Pjv1_00028657|Pjv1_00029216	2.48948799864866e-06	0.000672161759635139
GO:2000122	BP	negative regulation of stomatal complex development	Pjv1_00007857|Pjv1_00022672|Pjv1_00022680|Pjv1_00022488|Pjv1_00022489|Pjv1_00027747|Pjv1_00028983|Pjv1_00028657	1.53119472305926e-05	0.00206711287613
GO:0006869	BP	lipid transport	Pjv1_00002043|Pjv1_00004770|Pjv1_00003961|Pjv1_00007478|Pjv1_00007480|Pjv1_00006094|Pjv1_00006095|Pjv1_00009493|Pjv1_00021842|Pjv1_00030183	9.34249502655496e-05	0.00840824552389946
