GOID	Definition	GOTerm	GeneID	Pvalue	Qvalue
GO:0005576	CC	extracellular region	Pjv1_00000759|Pjv1_00006583|Pjv1_00008494|Pjv1_00001181|Pjv1_00001577|Pjv1_00001578|Pjv1_00002225|Pjv1_00011536|Pjv1_00006904|Pjv1_00008117|Pjv1_00016877|Pjv1_00015792|Pjv1_00015706|Pjv1_00015557|Pjv1_00015952|Pjv1_00017317|Pjv1_00017302|Pjv1_00021861|Pjv1_00020854|Pjv1_00024893|Pjv1_00023898|Pjv1_00019285|Pjv1_00018507|Pjv1_00024193|Pjv1_00021913|Pjv1_00025850|Pjv1_00025861|Pjv1_00028425|Pjv1_00024622|Pjv1_00028357|Pjv1_00027335|Pjv1_00029216|Pjv1_00029711|Pjv1_00030211|Pjv1_00030142	0.000263097169297765	0.0202595140165946
GO:0000786	CC	nucleosome	Pjv1_00002805|Pjv1_00004309|Pjv1_00011765|Pjv1_00009227|Pjv1_00011156|Pjv1_00008122|Pjv1_00014341|Pjv1_00013396|Pjv1_00013395|Pjv1_00013078|Pjv1_00022034|Pjv1_00022035|Pjv1_00021482|Pjv1_00025754|Pjv1_00024567	0.000723554072021235	0.0202595140165946
GO:0005618	CC	cell wall	Pjv1_00001181|Pjv1_00006195|Pjv1_00002225|Pjv1_00007857|Pjv1_00008981|Pjv1_00011536|Pjv1_00010311|Pjv1_00014925|Pjv1_00015792|Pjv1_00017975|Pjv1_00017302|Pjv1_00018915|Pjv1_00024893|Pjv1_00023898|Pjv1_00021913|Pjv1_00022488|Pjv1_00022489|Pjv1_00027786|Pjv1_00025861|Pjv1_00024622|Pjv1_00029201|Pjv1_00029216|Pjv1_00029711|Pjv1_00029792	0.000541543836664297	0.0202595140165946
GO:0005739	CC	mitochondrion	Pjv1_00003603|Pjv1_00018537|Pjv1_00017955|Pjv1_00022891|Pjv1_00027974	0.00361773061173119	0.0759723428463549
