GOID	Definition	GOTerm	GeneID	Pvalue	Qvalue
GO:0009535	CC	chloroplast thylakoid membrane	Pjv1_00002976|Pjv1_00001585|Pjv1_00003633|Pjv1_00009778|Pjv1_00009775|Pjv1_00011515|Pjv1_00010687|Pjv1_00010791|Pjv1_00014752|Pjv1_00020219|Pjv1_00014802|Pjv1_00015616|Pjv1_00016816|Pjv1_00017276|Pjv1_00022342|Pjv1_00016666|Pjv1_00020715|Pjv1_00022139|Pjv1_00015603|Pjv1_00018293|Pjv1_00022351|Pjv1_00025088|Pjv1_00024160|Pjv1_00022559|Pjv1_00020279|Pjv1_00023312|Pjv1_00027613|Pjv1_00027394|Pjv1_00026837|Pjv1_00030140|Pjv1_00030319|Pjv1_00029835|Pjv1_00029667|Pjv1_00029669|Pjv1_00030298|Pjv1_00030297|Pjv1_00030196	9.50891647816766e-06	0.000817766817122419
GO:0045263	CC	proton-transporting ATP synthase complex, coupling factor F(o)	Pjv1_00015616|Pjv1_00021563|Pjv1_00022351|Pjv1_00023312|Pjv1_00029835|Pjv1_00029667|Pjv1_00029669	4.53303915940856e-05	0.00194920683854568
GO:0015935	CC	small ribosomal subunit	Pjv1_00012173|Pjv1_00006005|Pjv1_00009145|Pjv1_00015872|Pjv1_00012303|Pjv1_00026229|Pjv1_00023034|Pjv1_00025364|Pjv1_00029940	0.000121056030725624	0.00347027288080122
GO:0005840	CC	ribosome	Pjv1_00003885|Pjv1_00009403|Pjv1_00006557|Pjv1_00010261|Pjv1_00011120|Pjv1_00010301|Pjv1_00014924|Pjv1_00012398|Pjv1_00015046|Pjv1_00012304|Pjv1_00019105|Pjv1_00019448|Pjv1_00022141|Pjv1_00023033|Pjv1_00025277|Pjv1_00023787|Pjv1_00021430|Pjv1_00028659|Pjv1_00028782|Pjv1_00028854|Pjv1_00030113|Pjv1_00030296	0.00170749189717485	0.0367110757892593
