GOID	Definition	GOTerm	GeneID	Pvalue	Qvalue
GO:0005634	CC	nucleus	Pjv1_00001945|Pjv1_00001988|Pjv1_00001993|Pjv1_00002091|Pjv1_00000891|Pjv1_00002952|Pjv1_00002568|Pjv1_00003557|Pjv1_00001560|Pjv1_00003760|Pjv1_00001178|Pjv1_00001227|Pjv1_00000390|Pjv1_00003506|Pjv1_00007213|Pjv1_00002183|Pjv1_00004625|Pjv1_00002654|Pjv1_00004965|Pjv1_00002261|Pjv1_00001334|Pjv1_00001374|Pjv1_00007365|Pjv1_00007369|Pjv1_00007370|Pjv1_00007414|Pjv1_00001020|Pjv1_00007525|Pjv1_00007431|Pjv1_00006485|Pjv1_00012190|Pjv1_00008227|Pjv1_00005937|Pjv1_00005946|Pjv1_00008960|Pjv1_00010261|Pjv1_00013756|Pjv1_00011468|Pjv1_00011475|Pjv1_00007243|Pjv1_00007258|Pjv1_00008192|Pjv1_00011113|Pjv1_00010320|Pjv1_00016181|Pjv1_00009698|Pjv1_00014505|Pjv1_00011416|Pjv1_00014922|Pjv1_00014924|Pjv1_00013573|Pjv1_00011846|Pjv1_00015083|Pjv1_00010851|Pjv1_00013431|Pjv1_00009454|Pjv1_00009489|Pjv1_00010988|Pjv1_00013932|Pjv1_00012821|Pjv1_00014585|Pjv1_00015032|Pjv1_00015043|Pjv1_00015051|Pjv1_00015558|Pjv1_00017806|Pjv1_00015277|Pjv1_00008472|Pjv1_00016222|Pjv1_00020660|Pjv1_00017928|Pjv1_00018570|Pjv1_00017505|Pjv1_00017709|Pjv1_00019248|Pjv1_00020416|Pjv1_00024247|Pjv1_00022441|Pjv1_00019453|Pjv1_00021798|Pjv1_00021821|Pjv1_00021822|Pjv1_00019691|Pjv1_00024775|Pjv1_00020239|Pjv1_00022037|Pjv1_00019625|Pjv1_00021610|Pjv1_00018074|Pjv1_00021481|Pjv1_00020962|Pjv1_00019949|Pjv1_00028474|Pjv1_00024586|Pjv1_00026585|Pjv1_00025142|Pjv1_00026323|Pjv1_00023131|Pjv1_00026155|Pjv1_00029172|Pjv1_00026117|Pjv1_00028799|Pjv1_00029147|Pjv1_00028833|Pjv1_00027312|Pjv1_00028168|Pjv1_00029989|Pjv1_00030329|Pjv1_00030315|Pjv1_00029748|Pjv1_00030331	1.77372071376193e-06	0.000161408584952335
GO:0005576	CC	extracellular region	Pjv1_00001948|Pjv1_00000647|Pjv1_00002948|Pjv1_00001789|Pjv1_00003103|Pjv1_00006230|Pjv1_00001732|Pjv1_00001407|Pjv1_00003940|Pjv1_00010573|Pjv1_00007420|Pjv1_00007449|Pjv1_00007967|Pjv1_00010458|Pjv1_00010902|Pjv1_00012711|Pjv1_00012374|Pjv1_00016082|Pjv1_00022685|Pjv1_00024232|Pjv1_00020781|Pjv1_00018137|Pjv1_00023405|Pjv1_00020200|Pjv1_00022150|Pjv1_00018994|Pjv1_00018995|Pjv1_00026771|Pjv1_00027701|Pjv1_00024659|Pjv1_00026432|Pjv1_00025367|Pjv1_00024982	0.000999795650394076	0.0454907020929304
GO:0005739	CC	mitochondrion	Pjv1_00001361|Pjv1_00015477|Pjv1_00019379|Pjv1_00017871|Pjv1_00017400	0.00361773061173119	0.0823033714168845
GO:0005874	CC	microtubule	Pjv1_00002875|Pjv1_00013756|Pjv1_00011113|Pjv1_00011240|Pjv1_00010870|Pjv1_00012821|Pjv1_00015191|Pjv1_00022197|Pjv1_00020239|Pjv1_00028168	0.00289895755227912	0.0823033714168845
