GOID	Definition	GOTerm	GeneID	Pvalue	Qvalue
GO:0005576	CC	extracellular region	Pjv1_00001948|Pjv1_00000221|Pjv1_00004892|Pjv1_00001789|Pjv1_00006581|Pjv1_00006583|Pjv1_00006584|Pjv1_00001577|Pjv1_00003103|Pjv1_00004287|Pjv1_00002374|Pjv1_00001366|Pjv1_00005503|Pjv1_00008604|Pjv1_00007420|Pjv1_00007449|Pjv1_00007113|Pjv1_00010481|Pjv1_00008116|Pjv1_00010118|Pjv1_00013846|Pjv1_00015557|Pjv1_00015952|Pjv1_00020190|Pjv1_00016809|Pjv1_00019866|Pjv1_00024232|Pjv1_00017338|Pjv1_00020780|Pjv1_00020782|Pjv1_00018917|Pjv1_00024903|Pjv1_00018137|Pjv1_00018138|Pjv1_00018145|Pjv1_00018140|Pjv1_00019325|Pjv1_00017384|Pjv1_00018995|Pjv1_00021012|Pjv1_00025855|Pjv1_00028425|Pjv1_00026432|Pjv1_00029702|Pjv1_00030333	4.08254390118633e-08	3.59263863304397e-06
GO:0009535	CC	chloroplast thylakoid membrane	Pjv1_00004751|Pjv1_00003427|Pjv1_00003311|Pjv1_00002375|Pjv1_00020219|Pjv1_00028371|Pjv1_00030319	0.00100235646119382	0.044103684292528
