GOID	Definition	GOTerm	GeneID	Pvalue	Qvalue
GO:0004252	MF	serine-type endopeptidase activity	Pjv1_00007857|Pjv1_00010731|Pjv1_00010730|Pjv1_00022672|Pjv1_00022680|Pjv1_00018138|Pjv1_00018139|Pjv1_00021305|Pjv1_00022488|Pjv1_00022489|Pjv1_00027747|Pjv1_00028983|Pjv1_00028657|Pjv1_00029216	1.5107503919159e-06	0.000284021073680189
GO:0016747	MF	acyltransferase activity, transferring groups other than amino-acyl groups	Pjv1_00004830|Pjv1_00004831|Pjv1_00001327|Pjv1_00001328|Pjv1_00001342|Pjv1_00011059|Pjv1_00006073|Pjv1_00006098|Pjv1_00015174|Pjv1_00022707|Pjv1_00018068|Pjv1_00028326|Pjv1_00028322	4.83918755382887e-05	0.00454883630059913
