GOID	Definition	GOTerm	GeneID	Pvalue	Qvalue
GO:0004523	MF	RNA-DNA hybrid ribonuclease activity	Pjv1_00017027|Pjv1_00020673|Pjv1_00017591	0.000994604683241571	0.0939901425663284
GO:0008198	MF	ferrous iron binding	Pjv1_00016544|Pjv1_00016545|Pjv1_00020334	0.000994604683241571	0.0939901425663284
