GOID	Definition	GOTerm	GeneID	Pvalue	Qvalue
GO:0004601	MF	peroxidase activity	Pjv1_00001948|Pjv1_00000647|Pjv1_00002948|Pjv1_00006230|Pjv1_00001407|Pjv1_00007365|Pjv1_00007369|Pjv1_00007370|Pjv1_00003940|Pjv1_00007420|Pjv1_00020781|Pjv1_00018994|Pjv1_00018995|Pjv1_00024982	2.51532779042099e-05	0.00565948752844722
GO:0043621	MF	protein self-association	Pjv1_00005127|Pjv1_00009493|Pjv1_00023200|Pjv1_00028799	0.000445510175214371	0.0501198947116168
