GOID	Definition	GOTerm	GeneID	Pvalue	Qvalue
GO:0008150	BP	biological_process	AT1G02320|AT1G02965|AT1G03240|AT1G05740|AT1G12845|AT1G15772|AT1G15825|AT1G15900|AT1G16515|AT1G23270|AT1G24575|AT1G30020|AT1G36920|AT1G36922|AT1G43000|AT1G44414|AT1G44608|AT1G47280|AT1G48770|AT1G51000|AT1G51080|AT1G51915|AT1G53480|AT1G53542|AT1G54120|AT1G61255|AT1G62510|AT1G64370|AT1G64540|AT1G65541|AT1G65985|AT1G74929|AT1G76770|AT1G77880|AT2G07692|AT2G07713|AT2G07714|AT2G07719|AT2G07724|AT2G07749|AT2G07779|AT2G07795|AT2G14070|AT2G14860|AT2G22790|AT2G26695|AT2G28105|AT2G28680|AT2G29679|AT2G31345|AT2G34170|AT2G37750|AT2G39690|AT2G42395|AT2G42955|AT2G42975|AT2G44735|AT2G45135|AT2G48090|AT3G08920|AT3G09430|AT3G11640|AT3G13500|AT3G13674|AT3G15534|AT3G17890|AT3G18235|AT3G26539|AT3G27590|AT3G44805|AT3G46300|AT3G46616|AT3G49820|AT3G54730|AT3G55900|AT3G58100|AT3G60990|AT3G61826|AT3G63020|AT3G63052|AT4G00280|AT4G01110|AT4G02482|AT4G02541|AT4G03150|AT4G03940|AT4G04680|AT4G05430|AT4G07408|AT4G08874|AT4G09731|AT4G09965|AT4G10695|AT4G11780|AT4G12220|AT4G12380|AT4G12450|AT4G13600|AT4G14165|AT4G16807|AT4G17085|AT4G17440|AT4G18395|AT4G20290|AT4G20470|AT4G22250|AT4G22460|AT4G24410|AT4G25620|AT4G25707|AT4G26950|AT4G27652|AT4G30740|AT4G31960|AT4G33310|AT4G39235|AT4G39600|AT5G01015|AT5G01445|AT5G01881|AT5G02510|AT5G02730|AT5G04790|AT5G05040|AT5G07572|AT5G08360|AT5G08391|AT5G11550|AT5G13140|AT5G14560|AT5G15853|AT5G17847|AT5G25290|AT5G26970|AT5G27440|AT5G27940|AT5G35510|AT5G38060|AT5G40180|AT5G40980|AT5G41050|AT5G42070|AT5G44490|AT5G44540|AT5G44574|AT5G44582|AT5G45740|AT5G48190|AT5G48690|AT5G52930|AT5G53895|AT5G55150|AT5G60260|AT5G64395|AT5G65030|AT5G65925|AT5G66340|AT5G66830|ATCG00870|ATCG01270|ATMG00010|ATMG00200|ATMG00240|ATMG00400|ATMG00470|ATMG00490|ATMG00500|ATMG00530|ATMG00540|ATMG00550|ATMG00610|ATMG00630|ATMG00670|ATMG00810|ATMG00870|ATMG01000|ATMG01010|ATMG01020|ATMG01040|ATMG01060|ATMG01100|ATMG01220|ATMG01230|ATMG01260|ATMG01350|ATMG01370|ATMG01400|ATMG01410	2.65267985772077e-11	7.05612842153726e-09
GO:0015986	BP	proton motive force-driven ATP synthesis	AT2G07671|AT2G07698|AT2G07777|ATMG00040|ATMG00480|ATMG00640|ATMG01080|ATMG01090|ATMG01190	4.18874443116434e-08	5.57103009344857e-06
GO:0009651	BP	response to salt stress	AT4G40010	0.000201414344882472	0.0178587385795792
