GOID	Definition	GOTerm	GeneID	Pvalue	Qvalue
GO:0005739	CC	mitochondrion	AT1G02700|AT1G05065|AT1G07060|AT1G15010|AT1G16825|AT1G35210|AT1G37130|AT1G52825|AT1G53885|AT1G53903|AT1G55175|AT1G55800|AT1G56060|AT1G59865|AT1G65484|AT1G75600|AT1G76190|AT1G76250|AT1G76910|AT1G78172|AT2G01920|AT2G07667|AT2G07691|AT2G07714|AT2G07721|AT2G07749|AT2G07772|AT2G07779|AT2G07787|AT2G07795|AT2G07815|AT2G13430|AT2G21200|AT2G21210|AT2G22820|AT2G25169|AT2G28426|AT2G29263|AT2G30760|AT2G31085|AT2G34925|AT2G35090|AT2G38350|AT2G39120|AT2G39520|AT2G43310|AT2G45930|AT2G47200|AT2G47480|AT3G03170|AT3G11860|AT3G13435|AT3G15518|AT3G18580|AT3G23635|AT3G25013|AT3G25550|AT3G26760|AT3G30775|AT3G44210|AT3G45730|AT3G50930|AT3G52130|AT3G52530|AT3G56290|AT3G61190|AT4G00530|AT4G16008|AT4G17245|AT4G20690|AT4G21830|AT4G21850|AT4G27580|AT4G30670|AT4G31351|AT4G31354|AT4G31355|AT4G31441|AT4G35025|AT5G01445|AT5G05430|AT5G10380|AT5G12340|AT5G14560|AT5G35510|AT5G37550|AT5G42146|AT5G51090|ATMG00040|ATMG00050|ATMG00130|ATMG00140|ATMG00150|ATMG00310|ATMG00320|ATMG00450|ATMG00500|ATMG00550|ATMG00600|ATMG00630|ATMG00665|ATMG00710|ATMG00720|ATMG00740|ATMG00750|ATMG00760|ATMG00770|ATMG00990|ATMG01000|ATMG01040|ATMG01100|ATMG01110|ATMG01210|ATMG01230|ATMG01240|ATMG01250|ATMG01310|ATMG01330|ATMG01350|ATMG01400	2.07254356350241e-06	0.00018031129002471
GO:0005634	CC	nucleus	AT1G01520|AT1G03170|AT1G03710|AT1G06810|AT1G10250|AT1G14490|AT1G17710|AT1G18170|AT1G19510|AT1G20740|AT1G25400|AT1G27670|AT1G27730|AT1G29041|AT1G31350|AT1G32570|AT1G37130|AT1G48260|AT1G49150|AT1G49610|AT1G50160|AT1G50280|AT1G51055|AT1G51670|AT1G51780|AT1G54010|AT1G54070|AT1G61450|AT1G61470|AT1G62660|AT1G64065|AT1G65330|AT1G65480|AT1G70640|AT1G73805|AT1G75600|AT1G76650|AT1G77570|AT1G79915|AT1G80840|AT2G16575|AT2G22760|AT2G32130|AT2G34440|AT2G34600|AT2G39415|AT2G39650|AT2G39880|AT2G40340|AT2G42340|AT3G01830|AT3G08700|AT3G15540|AT3G15620|AT3G16980|AT3G17460|AT3G19580|AT3G23050|AT3G25030|AT3G25550|AT3G25710|AT3G44260|AT3G44490|AT3G46090|AT3G48240|AT3G48630|AT3G51750|AT3G52525|AT3G52530|AT3G54000|AT3G60010|AT3G61723|AT4G00210|AT4G03040|AT4G03610|AT4G04972|AT4G18395|AT4G18500|AT4G18501|AT4G21720|AT4G24026|AT4G25380|AT4G27580|AT4G28950|AT4G31380|AT4G32280|AT4G32870|AT4G33930|AT4G34210|AT4G34470|AT4G36410|AT4G37022|AT4G37610|AT4G39235|AT4G40010|AT5G01900|AT5G03870|AT5G04150|AT5G05430|AT5G09380|AT5G10340|AT5G13320|AT5G18300|AT5G20850|AT5G36000|AT5G38800|AT5G41090|AT5G44490|AT5G47610|AT5G51190|AT5G51790|AT5G51795|AT5G53200|AT5G56780|AT5G57570|AT5G59230|AT5G59510|AT5G60240|AT5G60890|AT5G61360|AT5G61600|AT5G62180|AT5G64905|AT5G67340	9.85615975358095e-06	0.000428742949280771
GO:0044853	CC	plasma membrane raft	AT5G25250|AT5G25260|AT5G64870	0.000994604683241571	0.0288435358140055
GO:0005886	CC	plasma membrane	AT1G02440|AT1G07290|AT1G18280|AT1G18650|AT1G21240|AT1G21245|AT1G24400|AT1G31335|AT1G37130|AT1G61890|AT1G64065|AT1G65484|AT1G73890|AT1G76650|AT2G32210|AT2G38465|AT3G17611|AT3G24900|AT3G25780|AT3G50930|AT3G52530|AT3G55940|AT4G04540|AT4G20390|AT4G27280|AT4G28950|AT4G33660|AT5G08760|AT5G10380|AT5G12940|AT5G22300|AT5G25250|AT5G25260|AT5G38250|AT5G40730|AT5G44130|AT5G64870|AT5G65390	0.00158065296820849	0.0343792020585347
GO:0005576	CC	extracellular region	AT1G06030|AT1G07070|AT1G14540|AT1G18650|AT1G19500|AT1G22900|AT1G28590|AT1G31335|AT1G36640|AT1G54010|AT1G54890|AT1G64195|AT1G65484|AT1G73610|AT2G14846|AT2G14900|AT2G21430|AT2G24040|AT2G31345|AT2G43535|AT2G45040|AT3G04320|AT3G13275|AT3G15534|AT3G21351|AT3G24900|AT3G25010|AT3G45093|AT3G48340|AT3G54400|AT3G55790|AT3G55950|AT3G61810|AT4G04540|AT4G05430|AT4G16270|AT4G28950|AT4G33420|AT5G08760|AT5G20710|AT5G25260|AT5G41050|AT5G48485|AT5G53742|AT5G54062|AT5G55450|AT5G63225	0.00225165842113167	0.0391788565276911
GO:0005618	CC	cell wall	AT2G34810|AT3G54400|AT4G27580|AT5G20710	0.00505597302141141	0.0733116088104655
