GOID	Definition	GOTerm	GeneID	Pvalue	Qvalue
GO:0005886	CC	plasma membrane	AT1G12110|AT1G24530|AT1G32450|AT1G32690|AT1G59740|AT1G65985|AT1G71015|AT2G16060|AT2G30933|AT2G38940|AT2G48130|AT3G20370|AT3G28070|AT3G43190|AT3G57160|AT3G58100|AT4G03540|AT4G20940|AT4G23240|AT4G27740|AT4G35970|AT5G02570|AT5G03840|AT5G06200|AT5G23170|AT5G37840|AT5G40645|AT5G49630|AT5G52790	7.69137376710158e-06	0.000546087537464212
GO:0005737	CC	cytoplasm	AT1G02610|AT1G16770|AT1G21360|AT1G33100|AT1G48010|AT1G50110|AT1G80690|AT2G04430|AT2G15130|AT2G16060|AT2G19900|AT2G26040|AT2G31985|AT2G36110|AT2G36815|AT2G36830|AT2G38940|AT2G44130|AT2G45130|AT2G47150|AT2G47340|AT2G47570|AT2G47750|AT3G04530|AT3G16420|AT3G21420|AT3G21510|AT3G51030|AT3G62160|AT4G00305|AT4G00872|AT4G03270|AT4G15417|AT4G23600|AT4G39810|AT5G03840|AT5G07080|AT5G09430|AT5G13930|AT5G17220|AT5G20110|AT5G40390|AT5G41040|AT5G46090|AT5G47590|AT5G48690|AT5G63560	0.00295372420311764	0.0699048061404509
GO:0005794	CC	Golgi apparatus	AT1G01200|AT2G18460|AT2G38940|AT5G41460	0.0020805921015168	0.0699048061404509
