GOID	Definition	GOTerm	GeneID	Pvalue	Qvalue
GO:0016020	CC	membrane	AT1G02610|AT1G05300|AT1G11580|AT1G11670|AT1G16400|AT1G16410|AT1G57990|AT1G58340|AT1G60960|AT1G62660|AT1G64400|AT1G73700|AT2G04040|AT2G16660|AT2G26560|AT2G39420|AT2G46750|AT2G47240|AT3G23550|AT4G18195|AT4G18197|AT5G27420|AT5G45450|AT5G51160|AT5G57220|AT5G67310	0.000454600008014047	0.0313674005529692
GO:0005829	CC	cytosol	AT1G02340|AT1G02920|AT1G02930|AT1G11580|AT1G21100|AT1G21110|AT1G23130|AT1G23140|AT1G23730|AT1G26921|AT1G27020|AT1G37130|AT1G50390|AT1G59950|AT1G63210|AT1G65690|AT1G67980|AT1G76790|AT2G04430|AT2G35930|AT3G09940|AT3G15356|AT3G16460|AT3G19710|AT3G22235|AT3G22490|AT3G25760|AT3G25770|AT3G43190|AT3G45140|AT3G52400|AT3G62150|AT4G00700|AT4G04830|AT4G10120|AT4G10960|AT4G12320|AT4G33070|AT4G34150|AT4G35190|AT5G01320|AT5G17800|AT5G20400|AT5G22300|AT5G50950	0.00186423307062634	0.0643160409366089
GO:0009507	CC	chloroplast	AT1G02400|AT1G02920|AT1G02930|AT1G05300|AT1G06540|AT1G07476|AT1G11170|AT1G16400|AT1G16410|AT1G17380|AT1G17420|AT1G17960|AT1G23130|AT1G23730|AT1G43800|AT1G57990|AT1G58340|AT1G59950|AT1G60960|AT1G61480|AT1G67980|AT1G69790|AT1G72520|AT1G77210|AT1G77990|AT2G01180|AT2G04040|AT2G16660|AT2G18690|AT2G21210|AT2G21930|AT2G22930|AT2G26560|AT2G38750|AT3G02020|AT3G08860|AT3G10780|AT3G15950|AT3G19700|AT3G21520|AT3G21780|AT3G21800|AT3G25180|AT3G25760|AT3G25770|AT3G26200|AT3G26220|AT3G26230|AT3G32920|AT3G45140|AT3G49340|AT3G51970|AT3G58990|AT4G04610|AT4G04830|AT4G09770|AT4G10500|AT4G12320|AT4G15280|AT4G20780|AT4G22370|AT4G31870|AT4G31970|AT4G32810|AT4G33070|AT4G36670|AT4G36950|AT5G01320|AT5G10180|AT5G10300|AT5G17350|AT5G18290|AT5G19600|AT5G23010|AT5G24240|AT5G24770|AT5G24780|AT5G27420|AT5G38780|AT5G44380|AT5G45090|AT5G48950|AT5G50950|AT5G57560|AT5G66650	0.00370632614363504	0.0852455013036059
