GOID	Definition	GOTerm	GeneID	Pvalue	Qvalue
GO:0045490	BP	pectin catabolic process	Pjv1_00001674|Pjv1_00004474|Pjv1_00005342|Pjv1_00005453|Pjv1_00007055|Pjv1_00011464|Pjv1_00012279|Pjv1_00016178|Pjv1_00017940|Pjv1_00026432|Pjv1_00026910|Pjv1_00028606	1.76348707419037e-05	0.00601349092298917
GO:0019953	BP	sexual reproduction	Pjv1_00000220|Pjv1_00000221|Pjv1_00001325|Pjv1_00001509|Pjv1_00014932|Pjv1_00025997	0.000134723818006729	0.0190262711304124
GO:0006414	BP	translational elongation	Pjv1_00004501|Pjv1_00008190|Pjv1_00010774|Pjv1_00024685|Pjv1_00024895	0.00016738654953442	0.0190262711304124
