GOID	Definition	GOTerm	GeneID	Pvalue	Qvalue
GO:0009867	BP	jasmonic acid mediated signaling pathway	Pjv1_00002760|Pjv1_00008255|Pjv1_00010498|Pjv1_00013641|Pjv1_00014266|Pjv1_00014771	0.000267050146025684	0.068385811895406
GO:0000398	BP	mRNA splicing, via spliceosome	Pjv1_00022785|Pjv1_00025224|Pjv1_00028622|Pjv1_00028624	0.000445510175214371	0.068385811895406
