GOID	Definition	GOTerm	GeneID	Pvalue	Qvalue
GO:0006979	BP	response to oxidative stress	Pjv1_00000647|Pjv1_00000648|Pjv1_00000649|Pjv1_00002948|Pjv1_00005344|Pjv1_00007078|Pjv1_00015952|Pjv1_00017156|Pjv1_00017384|Pjv1_00020781|Pjv1_00020782	0.000525679696245509	0.072806637930003
GO:0045490	BP	pectin catabolic process	Pjv1_00008985|Pjv1_00009022|Pjv1_00012391|Pjv1_00023158|Pjv1_00023338|Pjv1_00025861|Pjv1_00026910|Pjv1_00028327|Pjv1_00028525|Pjv1_00029074	0.00046434945519225	0.072806637930003
