GOID	Definition	GOTerm	GeneID	Pvalue	Qvalue
GO:0015986	BP	proton motive force-driven ATP synthesis	Pjv1_00002668|Pjv1_00002994|Pjv1_00003072|Pjv1_00004528|Pjv1_00006006|Pjv1_00006326|Pjv1_00008389|Pjv1_00012475|Pjv1_00014240|Pjv1_00014802|Pjv1_00014803|Pjv1_00019096|Pjv1_00020007|Pjv1_00021701|Pjv1_00022350|Pjv1_00022351|Pjv1_00022634|Pjv1_00023040|Pjv1_00023312|Pjv1_00023314|Pjv1_00024172|Pjv1_00026078|Pjv1_00029660|Pjv1_00029663|Pjv1_00029664|Pjv1_00029665|Pjv1_00029666|Pjv1_00029818	6.96084533833928e-15	2.27619642563695e-12
GO:0015979	BP	photosynthesis	Pjv1_00000670|Pjv1_00001866|Pjv1_00004792|Pjv1_00006777|Pjv1_00007552|Pjv1_00011627|Pjv1_00012308|Pjv1_00013051|Pjv1_00014465|Pjv1_00014500|Pjv1_00014910|Pjv1_00018223|Pjv1_00018863|Pjv1_00018864|Pjv1_00028069|Pjv1_00029777|Pjv1_00029826|Pjv1_00030273	0.000294438017866768	0.0481406159212165
GO:0006412	BP	translation	Pjv1_00003508|Pjv1_00004209|Pjv1_00004365|Pjv1_00005248|Pjv1_00007590|Pjv1_00007593|Pjv1_00009735|Pjv1_00010160|Pjv1_00010301|Pjv1_00011282|Pjv1_00012304|Pjv1_00014218|Pjv1_00014910|Pjv1_00015750|Pjv1_00017497|Pjv1_00021009|Pjv1_00025364|Pjv1_00025457|Pjv1_00026402|Pjv1_00028659|Pjv1_00028854|Pjv1_00029668|Pjv1_00029778|Pjv1_00029779|Pjv1_00029939	0.000525045708174957	0.0572299821910703
GO:0006499	BP	N-terminal protein myristoylation	Pjv1_00004646|Pjv1_00021647|Pjv1_00024360	0.000994604683241571	0.0813089328549984
