GOID	Definition	GOTerm	GeneID	Pvalue	Qvalue
GO:0009570	CC	chloroplast stroma	Pjv1_00002623|Pjv1_00002664|Pjv1_00003105|Pjv1_00006025|Pjv1_00006026|Pjv1_00006166|Pjv1_00006528|Pjv1_00006746|Pjv1_00006969|Pjv1_00008173|Pjv1_00009148|Pjv1_00009777|Pjv1_00010162|Pjv1_00010443|Pjv1_00010723|Pjv1_00010912|Pjv1_00011349|Pjv1_00012300|Pjv1_00012301|Pjv1_00012302|Pjv1_00012529|Pjv1_00012584|Pjv1_00012789|Pjv1_00012790|Pjv1_00013203|Pjv1_00014063|Pjv1_00014217|Pjv1_00014259|Pjv1_00015038|Pjv1_00015303|Pjv1_00015348|Pjv1_00017150|Pjv1_00017229|Pjv1_00017382|Pjv1_00017383|Pjv1_00019099|Pjv1_00019100|Pjv1_00020879|Pjv1_00020881|Pjv1_00021779|Pjv1_00023043|Pjv1_00025148|Pjv1_00025452|Pjv1_00025453|Pjv1_00027822|Pjv1_00029308|Pjv1_00029656|Pjv1_00029681|Pjv1_00030011|Pjv1_00030139|Pjv1_00030208	1.24588225957236e-21	1.13375285621084e-19
GO:0009535	CC	chloroplast thylakoid membrane	Pjv1_00000494|Pjv1_00000670|Pjv1_00001795|Pjv1_00002553|Pjv1_00002671|Pjv1_00002682|Pjv1_00002683|Pjv1_00002684|Pjv1_00002685|Pjv1_00002976|Pjv1_00003060|Pjv1_00003117|Pjv1_00005249|Pjv1_00006165|Pjv1_00007586|Pjv1_00007588|Pjv1_00007859|Pjv1_00008090|Pjv1_00009144|Pjv1_00009775|Pjv1_00010217|Pjv1_00010569|Pjv1_00010721|Pjv1_00011936|Pjv1_00011937|Pjv1_00012116|Pjv1_00012297|Pjv1_00013051|Pjv1_00013214|Pjv1_00013215|Pjv1_00013939|Pjv1_00013940|Pjv1_00014752|Pjv1_00015603|Pjv1_00015616|Pjv1_00017138|Pjv1_00018222|Pjv1_00018293|Pjv1_00019093|Pjv1_00019900|Pjv1_00020279|Pjv1_00020637|Pjv1_00020715|Pjv1_00020716|Pjv1_00020717|Pjv1_00021123|Pjv1_00021243|Pjv1_00022099|Pjv1_00022144|Pjv1_00022145|Pjv1_00024670|Pjv1_00024992|Pjv1_00028875|Pjv1_00029007|Pjv1_00029533|Pjv1_00029642|Pjv1_00029666|Pjv1_00029777|Pjv1_00029826|Pjv1_00029828|Pjv1_00030004|Pjv1_00030006|Pjv1_00030176	2.25355637463806e-14	1.02536815046032e-12
GO:0009507	CC	chloroplast	Pjv1_00002666|Pjv1_00002995|Pjv1_00005827|Pjv1_00006028|Pjv1_00006315|Pjv1_00007591|Pjv1_00007594|Pjv1_00009735|Pjv1_00010216|Pjv1_00011999|Pjv1_00012300|Pjv1_00012301|Pjv1_00012302|Pjv1_00012307|Pjv1_00013203|Pjv1_00013404|Pjv1_00013543|Pjv1_00014217|Pjv1_00014259|Pjv1_00014436|Pjv1_00017150|Pjv1_00017383|Pjv1_00017497|Pjv1_00018021|Pjv1_00019092|Pjv1_00019098|Pjv1_00019100|Pjv1_00020077|Pjv1_00020881|Pjv1_00021099|Pjv1_00021730|Pjv1_00022258|Pjv1_00022348|Pjv1_00022352|Pjv1_00022353|Pjv1_00022354|Pjv1_00023038|Pjv1_00023628|Pjv1_00025037|Pjv1_00025452|Pjv1_00025453|Pjv1_00025454|Pjv1_00025977|Pjv1_00027017|Pjv1_00027018|Pjv1_00027631|Pjv1_00028287|Pjv1_00029668|Pjv1_00029681|Pjv1_00029898|Pjv1_00030139	4.16619912782083e-05	0.00126374706877232
GO:0005634	CC	nucleus	Pjv1_00000423|Pjv1_00000424|Pjv1_00002011|Pjv1_00002336|Pjv1_00002450|Pjv1_00002809|Pjv1_00003610|Pjv1_00003663|Pjv1_00004564|Pjv1_00005479|Pjv1_00006578|Pjv1_00007364|Pjv1_00009275|Pjv1_00010091|Pjv1_00010803|Pjv1_00012870|Pjv1_00013158|Pjv1_00013509|Pjv1_00014643|Pjv1_00017034|Pjv1_00017049|Pjv1_00017566|Pjv1_00018364|Pjv1_00018472|Pjv1_00018502|Pjv1_00019823|Pjv1_00019830|Pjv1_00021099|Pjv1_00023124|Pjv1_00024658|Pjv1_00024738|Pjv1_00024977|Pjv1_00025224|Pjv1_00026301|Pjv1_00027739|Pjv1_00027817|Pjv1_00028363|Pjv1_00029930|Pjv1_00029957|Pjv1_00030113	0.000185055088954827	0.00421000327372232
GO:0009539	CC	photosystem II reaction center	Pjv1_00007588|Pjv1_00007859|Pjv1_00022348|Pjv1_00028875|Pjv1_00030004	0.00146840796547456	0.026725024971637
