GOID	Definition	GOTerm	GeneID	Pvalue	Qvalue
GO:0009535	CC	chloroplast thylakoid membrane	Pjv1_00004548|Pjv1_00005014|Pjv1_00006325|Pjv1_00008775|Pjv1_00009457|Pjv1_00010218|Pjv1_00016816|Pjv1_00017381|Pjv1_00021880|Pjv1_00026837	0.000516364722755212	0.0434096280847939
GO:0016020	CC	membrane	Pjv1_00001076|Pjv1_00001828|Pjv1_00002431|Pjv1_00003477|Pjv1_00004475|Pjv1_00004990|Pjv1_00005820|Pjv1_00006471|Pjv1_00010098|Pjv1_00011682|Pjv1_00016768|Pjv1_00017261|Pjv1_00017564|Pjv1_00025016|Pjv1_00025916|Pjv1_00028282|Pjv1_00028565	0.00104163851083254	0.0434096280847939
GO:0009570	CC	chloroplast stroma	Pjv1_00000585|Pjv1_00007115|Pjv1_00018537	0.00134256581705548	0.0434096280847939
