GOID	Definition	GOTerm	GeneID	Pvalue	Qvalue
GO:0016020	CC	membrane	Pjv1_00005282|Pjv1_00006370|Pjv1_00006630|Pjv1_00007398|Pjv1_00010098|Pjv1_00011459|Pjv1_00012709|Pjv1_00016681|Pjv1_00017401|Pjv1_00023007|Pjv1_00024373|Pjv1_00025658|Pjv1_00025748|Pjv1_00030195	0.000103398260861032	0.0106500208686863
GO:0016592	CC	mediator complex	Pjv1_00000492|Pjv1_00002146|Pjv1_00008255|Pjv1_00014129|Pjv1_00024586|Pjv1_00027550	0.000481214835191602	0.0247825640123675
