GOID	Definition	GOTerm	GeneID	Pvalue	Qvalue
GO:0016020	CC	membrane	Pjv1_00001529|Pjv1_00003748|Pjv1_00005827|Pjv1_00007669|Pjv1_00007852|Pjv1_00008545|Pjv1_00016768|Pjv1_00018145|Pjv1_00018247|Pjv1_00018300|Pjv1_00018865|Pjv1_00022093|Pjv1_00023828|Pjv1_00024696|Pjv1_00028729|Pjv1_00029922	0.000516016648437906	0.0392172652812809
GO:0009570	CC	chloroplast stroma	Pjv1_00020176|Pjv1_00030011|Pjv1_00030139	0.00134256581705548	0.0510175010481083
