GOID	Definition	GOTerm	GeneID	Pvalue	Qvalue
GO:0005524	MF	ATP binding	Pjv1_00001529|Pjv1_00002245|Pjv1_00003633|Pjv1_00006325|Pjv1_00007140|Pjv1_00012962|Pjv1_00013640|Pjv1_00016124|Pjv1_00017566|Pjv1_00018342|Pjv1_00020176|Pjv1_00022076|Pjv1_00022350|Pjv1_00022637|Pjv1_00022710|Pjv1_00024164|Pjv1_00026486|Pjv1_00027230|Pjv1_00029411|Pjv1_00030011|Pjv1_00030139	2.98699673930116e-05	0.00573503373945823
GO:0004601	MF	peroxidase activity	Pjv1_00000647|Pjv1_00000648|Pjv1_00000649|Pjv1_00002385|Pjv1_00002948|Pjv1_00007078|Pjv1_00015952|Pjv1_00017384|Pjv1_00020781|Pjv1_00020782	0.000608813541354534	0.0584460999700352
GO:0030599	MF	pectinesterase activity	Pjv1_00001727|Pjv1_00008985|Pjv1_00009022|Pjv1_00010555|Pjv1_00023158|Pjv1_00024924|Pjv1_00025861|Pjv1_00026390|Pjv1_00028327|Pjv1_00029074	0.00126865903728296	0.0811941783861094
GO:0004857	MF	enzyme inhibitor activity	Pjv1_00001727|Pjv1_00008985|Pjv1_00009022|Pjv1_00010555|Pjv1_00023158|Pjv1_00024924|Pjv1_00025861|Pjv1_00026390|Pjv1_00028327	0.00192540382318653	0.0924193835129532
