GOID	Definition	GOTerm	GeneID	Pvalue	Qvalue
GO:0009534	CC	chloroplast thylakoid	AT1G03130|AT1G08520|AT1G15820|AT1G29930|AT1G30380|AT1G71500|AT2G34420|AT3G54890|AT4G04640|AT4G05180|AT4G23890|AT4G33510|AT5G01530|AT5G46110|AT5G53490|ATCG00560	0.000236418408890836	0.0248239329335378
GO:0009535	CC	chloroplast thylakoid membrane	AT1G03130|AT1G15820|AT1G29930|AT1G30380|AT1G67090|AT1G71500|AT2G29650|AT2G30570|AT2G34420|AT2G45180|AT3G04790|AT3G26080|AT3G54890|AT4G04640|AT4G05180|AT4G23890|AT5G01530|AT5G53490|ATCG00560|ATCG00570	0.00106507698081072	0.0506250780108001
GO:0009579	CC	thylakoid	AT1G03130|AT1G08380|AT1G15820|AT1G29930|AT1G30380|AT1G67090|AT2G29650|AT2G34420|AT3G04790|AT3G54890|AT4G04640|AT4G05180|AT5G01530|AT5G26000|AT5G53490|ATCG00560	0.00159713924439847	0.0506250780108001
GO:0012505	CC	endomembrane system	AT1G18200|AT1G64170|AT3G05710|AT4G39890|AT5G26980|AT5G45250|AT5G46860	0.00192857440041143	0.0506250780108001
