GOID	Definition	GOTerm	GeneID	Pvalue	Qvalue
GO:0043531	MF	ADP binding	AT1G12290|AT1G58410|AT1G63350|AT1G63860|AT1G72890|AT1G72900|AT1G72950|AT2G14080|AT3G07040|AT3G44630|AT3G46530|AT3G46730|AT4G08450|AT4G11170|AT4G16860|AT4G16890|AT4G16920|AT4G16940|AT5G22690|AT5G41740|AT5G41750|AT5G45250|AT5G46450|AT5G46490|AT5G48770|AT5G49140	2.00745708295609e-13	6.54431009043685e-11
GO:0050135	MF	NAD(P)+ nucleosidase activity	AT1G63860|AT1G72890|AT1G72900|AT1G72950|AT2G14080|AT3G44630|AT4G08450|AT4G11170|AT4G16860|AT4G16890|AT4G16920|AT4G16940|AT5G22690|AT5G41740|AT5G41750|AT5G45250|AT5G46450|AT5G46490|AT5G48770|AT5G49140	2.37603303717309e-12	2.58195590039476e-10
GO:0061809	MF	NAD+ nucleotidase, cyclic ADP-ribose generating	AT1G63860|AT1G72890|AT1G72900|AT1G72950|AT2G14080|AT3G44630|AT4G08450|AT4G11170|AT4G16860|AT4G16890|AT4G16920|AT4G16940|AT5G22690|AT5G41740|AT5G41750|AT5G45250|AT5G46450|AT5G46490|AT5G48770|AT5G49140	2.37603303717309e-12	2.58195590039476e-10
