GOID	Definition	GOTerm	GeneID	Pvalue	Qvalue
GO:0008017	MF	microtubule binding	AT1G03780|AT1G18370|AT1G20060|AT1G53140|AT1G59850|AT1G72250|AT2G07170|AT2G22610|AT2G36200|AT2G47500|AT3G17360|AT3G44050|AT3G54870|AT4G14150|AT4G14330|AT4G17220|AT4G21270|AT4G26660|AT5G02370|AT5G15510|AT5G54670|AT5G55520	2.11765952668498e-10	5.69650412678259e-08
GO:0003777	MF	microtubule motor activity	AT1G18370|AT1G20060|AT1G72250|AT2G22610|AT2G36200|AT2G47500|AT3G17360|AT3G44050|AT3G54870|AT4G14150|AT4G14330|AT4G21270|AT4G26660|AT5G02370|AT5G54670|AT5G55520	2.79106206860859e-09	3.75397848227856e-07
GO:0046910	MF	pectinesterase inhibitor activity	AT1G53830|AT3G10710|AT3G10720|AT3G14310|AT3G43270|AT5G04960|AT5G38610	0.000661393522057738	0.0593049524778439
GO:0030599	MF	pectinesterase activity	AT1G53830|AT3G10710|AT3G10720|AT3G14310|AT3G43270|AT5G04960|AT5G38610	0.00139127649453923	0.0935633442577632
