GOID	Definition	GOTerm	GeneID	Pvalue	Qvalue
GO:0016068	BP	type I hypersensitivity	Pjv1_00000416|Pjv1_00006214|Pjv1_00013062|Pjv1_00015625|Pjv1_00029904	9.82102430694792e-06	0.00297577036500522
GO:0006508	BP	proteolysis	Pjv1_00003913|Pjv1_00004892|Pjv1_00007857|Pjv1_00007328|Pjv1_00010731|Pjv1_00022672|Pjv1_00022680|Pjv1_00018138|Pjv1_00018139|Pjv1_00022488|Pjv1_00022489|Pjv1_00022384|Pjv1_00027747|Pjv1_00028047|Pjv1_00028035|Pjv1_00029216	4.37872045722481e-05	0.00663376149269558
GO:0009607	BP	response to biotic stimulus	Pjv1_00000416|Pjv1_00006214|Pjv1_00005032|Pjv1_00005041|Pjv1_00005042|Pjv1_00011279|Pjv1_00013062|Pjv1_00012224|Pjv1_00015625|Pjv1_00016809|Pjv1_00029904	0.000837416385141612	0.0845790548993028
GO:2000122	BP	negative regulation of stomatal complex development	Pjv1_00007857|Pjv1_00022672|Pjv1_00022680|Pjv1_00022488|Pjv1_00022489|Pjv1_00027747	0.00126948052331135	0.0961631496408349
