GOID	Definition	GOTerm	GeneID	Pvalue	Qvalue
GO:0005576	CC	extracellular region	Pjv1_00002043|Pjv1_00007113|Pjv1_00009857|Pjv1_00011536|Pjv1_00010118|Pjv1_00015697|Pjv1_00019286|Pjv1_00019611	0.000883709290507963	0.0866035104697804
GO:0005774	CC	vacuolar membrane	Pjv1_00003819|Pjv1_00001708|Pjv1_00009227|Pjv1_00006106|Pjv1_00008957|Pjv1_00013429|Pjv1_00016828|Pjv1_00023704|Pjv1_00018968|Pjv1_00026753|Pjv1_00028091|Pjv1_00028092|Pjv1_00027738|Pjv1_00029115|Pjv1_00029948	0.00306040194496622	0.0944185628020329
GO:0016020	CC	membrane	Pjv1_00005653|Pjv1_00003398|Pjv1_00004447|Pjv1_00004380|Pjv1_00008957|Pjv1_00006680|Pjv1_00014921|Pjv1_00013878|Pjv1_00016828|Pjv1_00023007|Pjv1_00021932|Pjv1_00024988|Pjv1_00027738	0.00385381888987889	0.0944185628020329
GO:0016592	CC	mediator complex	Pjv1_00008448|Pjv1_00005497|Pjv1_00006106|Pjv1_00026788|Pjv1_00027550	0.002425031124011	0.0944185628020329
