GOID	Definition	GOTerm	GeneID	Pvalue	Qvalue
GO:0045263	CC	proton-transporting ATP synthase complex, coupling factor F(o)	Pjv1_00022351|Pjv1_00023312|Pjv1_00029835|Pjv1_00029667|Pjv1_00029660|Pjv1_00029669	0.000481214835191602	0.0538960615414594
GO:0009535	CC	chloroplast thylakoid membrane	Pjv1_00002976|Pjv1_00001796|Pjv1_00001585|Pjv1_00003072|Pjv1_00011627|Pjv1_00008090|Pjv1_00014500|Pjv1_00014910|Pjv1_00019900|Pjv1_00017276|Pjv1_00019149|Pjv1_00022139|Pjv1_00023028|Pjv1_00018293|Pjv1_00022351|Pjv1_00025088|Pjv1_00024160|Pjv1_00018865|Pjv1_00022079|Pjv1_00022559|Pjv1_00023312|Pjv1_00027394|Pjv1_00030140|Pjv1_00030319|Pjv1_00029835|Pjv1_00029667|Pjv1_00029660|Pjv1_00029669|Pjv1_00029818|Pjv1_00029642	0.00184845747498614	0.0853627650357212
GO:0009524	CC	phragmoplast	Pjv1_00006585|Pjv1_00006573|Pjv1_00010870|Pjv1_00018267|Pjv1_00016976|Pjv1_00019133|Pjv1_00022197|Pjv1_00020239	0.00228650263488539	0.0853627650357212
