GOID	Definition	GOTerm	GeneID	Pvalue	Qvalue
GO:0004252	MF	serine-type endopeptidase activity	Pjv1_00007857|Pjv1_00010731|Pjv1_00010730|Pjv1_00022672|Pjv1_00022680|Pjv1_00023601|Pjv1_00018138|Pjv1_00018139|Pjv1_00021305|Pjv1_00022488|Pjv1_00022489|Pjv1_00027747|Pjv1_00029216	9.26510849525418e-06	0.00163992420365999
GO:0005524	MF	ATP binding	Pjv1_00000138|Pjv1_00000600|Pjv1_00004434|Pjv1_00001510|Pjv1_00009973|Pjv1_00011633|Pjv1_00012789|Pjv1_00011821|Pjv1_00005229|Pjv1_00014010|Pjv1_00015721|Pjv1_00016500|Pjv1_00023209|Pjv1_00025747|Pjv1_00026063|Pjv1_00027736|Pjv1_00029550	5.40745025217002e-05	0.00478559347317047
GO:0004674	MF	protein serine/threonine kinase activity	Pjv1_00000138|Pjv1_00016500|Pjv1_00023209|Pjv1_00027736	0.00131450695614426	0.0581669328093835
GO:0008198	MF	ferrous iron binding	Pjv1_00016544|Pjv1_00016545|Pjv1_00020334	0.000994604683241571	0.0581669328093835
