GOID	Definition	GOTerm	GeneID	Pvalue	Qvalue
GO:0048038	MF	quinone binding	Pjv1_00002976|Pjv1_00009775|Pjv1_00005941|Pjv1_00010687|Pjv1_00009033|Pjv1_00016816|Pjv1_00022342|Pjv1_00018293|Pjv1_00027611|Pjv1_00025272|Pjv1_00030120|Pjv1_00029501	0.00055362050666225	0.0489954148396091
GO:0016655	MF	oxidoreductase activity, acting on NAD(P)H, quinone or similar compound as acceptor	Pjv1_00009033|Pjv1_00016816|Pjv1_00022342|Pjv1_00027611|Pjv1_00025272|Pjv1_00029501	0.000481214835191602	0.0489954148396091
